7

0 0 0 0 0.00
0 0 0 1 0.00
0 0 0 2 0.00
0 0 0 3 0.00
0 0 0 4 0.00
0 0 0 5 0.00
0 0 0 6 0.00
0 0 1 0 0.00
0 0 1 1 0.00
0 0 1 2 0.00
0 0 1 3 0.00
0 0 1 4 0.00
0 0 1 5 0.00
0 0 1 6 0.00
0 0 2 0 0.00
0 0 2 1 0.00
0 0 2 2 0.00
0 0 2 3 0.00
0 0 2 4 0.00
0 0 2 5 0.00
0 0 2 6 0.00
0 0 3 0 0.00
0 0 3 1 0.00
0 0 3 2 0.00
0 0 3 3 0.00
0 0 3 4 0.00
0 0 3 5 0.00
0 0 3 6 0.00
0 0 4 0 0.00
0 0 4 1 0.00
0 0 4 2 0.00
0 0 4 3 0.00
0 0 4 4 0.00
0 0 4 5 0.00
0 0 4 6 0.00
0 0 5 0 0.00
0 0 5 1 0.00
0 0 5 2 0.00
0 0 5 3 0.00
0 0 5 4 0.00
0 0 5 5 0.00
0 0 5 6 0.00
0 0 6 0 0.00
0 0 6 1 0.00
0 0 6 2 0.00
0 0 6 3 0.00
0 0 6 4 0.00
0 0 6 5 0.00
0 0 6 6 0.00
0 1 0 0 0.00
0 1 0 1 49.00
0 1 0 2 68.23
0 1 0 3 31.67
0 1 0 4 69.52
0 1 0 5 54.70
0 1 0 6 23.74
0 1 1 0 21.48
0 1 1 1 0.00
0 1 1 2 65.06
0 1 1 3 78.65
0 1 1 4 45.83
0 1 1 5 48.19
0 1 1 6 35.05
0 1 2 0 76.49
0 1 2 1 28.82
0 1 2 2 0.00
0 1 2 3 75.08
0 1 2 4 41.12
0 1 2 5 45.57
0 1 2 6 39.36
0 1 3 0 45.43
0 1 3 1 46.37
0 1 3 2 62.63
0 1 3 3 0.00
0 1 3 4 31.23
0 1 3 5 26.65
0 1 3 6 33.97
0 1 4 0 49.24
0 1 4 1 63.15
0 1 4 2 53.57
0 1 4 3 41.60
0 1 4 4 0.00
0 1 4 5 73.64
0 1 4 6 35.82
0 1 5 0 80.56
0 1 5 1 88.34
0 1 5 2 41.42
0 1 5 3 40.44
0 1 5 4 34.57
0 1 5 5 0.00
0 1 5 6 32.94
0 1 6 0 28.38
0 1 6 1 38.50
0 1 6 2 40.22
0 1 6 3 47.48
0 1 6 4 43.30
0 1 6 5 65.12
0 1 6 6 0.00
0 2 0 0 0.00
0 2 0 1 51.62
0 2 0 2 144.00
0 2 0 3 65.05
0 2 0 4 118.27
0 2 0 5 94.22
0 2 0 6 50.11
0 2 1 0 56.56
0 2 1 1 0.00
0 2 1 2 98.70
0 2 1 3 81.68
0 2 1 4 85.29
0 2 1 5 163.29
0 2 1 6 31.06
0 2 2 0 81.49
0 2 2 1 66.44
0 2 2 2 0.00
0 2 2 3 123.55
0 2 2 4 45.72
0 2 2 5 48.31
0 2 2 6 60.65
0 2 3 0 95.52
0 2 3 1 39.63
0 2 3 2 137.82
0 2 3 3 0.00
0 2 3 4 32.46
0 2 3 5 53.40
0 2 3 6 138.15
0 2 4 0 149.34
0 2 4 1 81.12
0 2 4 2 45.71
0 2 4 3 63.90
0 2 4 4 0.00
0 2 4 5 101.94
0 2 4 6 34.04
0 2 5 0 91.27
0 2 5 1 92.87
0 2 5 2 79.55
0 2 5 3 106.70
0 2 5 4 30.35
0 2 5 5 0.00
0 2 5 6 47.81
0 2 6 0 47.90
0 2 6 1 90.16
0 2 6 2 141.73
0 2 6 3 101.46
0 2 6 4 74.17
0 2 6 5 71.77
0 2 6 6 0.00
0 3 0 0 0.00
0 3 0 1 27.65
0 3 0 2 72.34
0 3 0 3 49.00
0 3 0 4 48.64
0 3 0 5 81.95
0 3 0 6 38.75
0 3 1 0 14.62
0 3 1 1 0.00
0 3 1 2 54.82
0 3 1 3 41.69
0 3 1 4 35.61
0 3 1 5 49.54
0 3 1 6 40.39
0 3 2 0 74.75
0 3 2 1 39.41
0 3 2 2 0.00
0 3 2 3 33.33
0 3 2 4 25.43
0 3 2 5 38.93
0 3 2 6 30.88
0 3 3 0 30.03
0 3 3 1 44.50
0 3 3 2 48.34
0 3 3 3 0.00
0 3 3 4 37.53
0 3 3 5 41.47
0 3 3 6 40.19
0 3 4 0 87.68
0 3 4 1 58.36
0 3 4 2 49.82
0 3 4 3 42.71
0 3 4 4 0.00
0 3 4 5 41.59
0 3 4 6 19.86
0 3 5 0 79.76
0 3 5 1 54.33
0 3 5 2 52.24
0 3 5 3 66.85
0 3 5 4 17.37
0 3 5 5 0.00
0 3 5 6 36.31
0 3 6 0 34.64
0 3 6 1 54.98
0 3 6 2 61.12
0 3 6 3 41.29
0 3 6 4 78.36
0 3 6 5 58.67
0 3 6 6 0.00
0 4 0 0 0.00
0 4 0 1 67.66
0 4 0 2 83.16
0 4 0 3 66.17
0 4 0 4 225.00
0 4 0 5 154.04
0 4 0 6 59.53
0 4 1 0 37.52
0 4 1 1 0.00
0 4 1 2 82.62
0 4 1 3 93.87
0 4 1 4 106.06
0 4 1 5 137.25
0 4 1 6 72.14
0 4 2 0 84.77
0 4 2 1 117.06
0 4 2 2 0.00
0 4 2 3 146.30
0 4 2 4 39.79
0 4 2 5 71.90
0 4 2 6 57.67
0 4 3 0 83.91
0 4 3 1 48.10
0 4 3 2 185.19
0 4 3 3 0.00
0 4 3 4 79.47
0 4 3 5 56.84
0 4 3 6 170.46
0 4 4 0 84.23
0 4 4 1 87.59
0 4 4 2 106.97
0 4 4 3 182.93
0 4 4 4 0.00
0 4 4 5 116.50
0 4 4 6 62.23
0 4 5 0 86.25
0 4 5 1 139.30
0 4 5 2 128.78
0 4 5 3 136.40
0 4 5 4 71.61
0 4 5 5 0.00
0 4 5 6 77.38
0 4 6 0 40.89
0 4 6 1 114.68
0 4 6 2 78.46
0 4 6 3 129.85
0 4 6 4 131.07
0 4 6 5 154.43
0 4 6 6 0.00
0 5 0 0 0.00
0 5 0 1 55.64
0 5 0 2 98.45
0 5 0 3 90.61
0 5 0 4 167.03
0 5 0 5 196.00
0 5 0 6 41.57
0 5 1 0 59.37
0 5 1 1 0.00
0 5 1 2 57.53
0 5 1 3 178.21
0 5 1 4 52.92
0 5 1 5 88.54
0 5 1 6 47.54
0 5 2 0 142.88
0 5 2 1 71.94
0 5 2 2 0.00
0 5 2 3 66.28
0 5 2 4 58.94
0 5 2 5 51.69
0 5 2 6 73.85
0 5 3 0 133.92
0 5 3 1 68.01
0 5 3 2 140.72
0 5 3 3 0.00
0 5 3 4 55.90
0 5 3 5 80.45
0 5 3 6 161.42
0 5 4 0 85.10
0 5 4 1 89.42
0 5 4 2 71.69
0 5 4 3 135.54
0 5 4 4 0.00
0 5 4 5 159.12
0 5 4 6 41.11
0 5 5 0 165.38
0 5 5 1 163.80
0 5 5 2 83.43
0 5 5 3 75.73
0 5 5 4 35.88
0 5 5 5 0.00
0 5 5 6 65.18
0 5 6 0 52.18
0 5 6 1 49.87
0 5 6 2 163.19
0 5 6 3 82.81
0 5 6 4 162.99
0 5 6 5 114.87
0 5 6 6 0.00
0 6 0 0 0.00
0 6 0 1 35.44
0 6 0 2 82.70
0 6 0 3 28.73
0 6 0 4 61.81
0 6 0 5 92.69
0 6 0 6 49.00
0 6 1 0 18.21
0 6 1 1 0.00
0 6 1 2 58.14
0 6 1 3 42.51
0 6 1 4 48.64
0 6 1 5 48.59
0 6 1 6 40.64
0 6 2 0 51.29
0 6 2 1 38.51
0 6 2 2 0.00
0 6 2 3 62.46
0 6 2 4 30.85
0 6 2 5 47.87
0 6 2 6 34.65
0 6 3 0 38.37
0 6 3 1 42.02
0 6 3 2 66.50
0 6 3 3 0.00
0 6 3 4 35.16
0 6 3 5 23.23
0 6 3 6 73.64
0 6 4 0 92.69
0 6 4 1 52.99
0 6 4 2 23.70
0 6 4 3 41.48
0 6 4 4 0.00
0 6 4 5 91.57
0 6 4 6 37.32
0 6 5 0 58.97
0 6 5 1 42.78
0 6 5 2 61.95
0 6 5 3 82.36
0 6 5 4 22.57
0 6 5 5 0.00
0 6 5 6 37.20
0 6 6 0 24.20
0 6 6 1 44.43
0 6 6 2 57.51
0 6 6 3 45.12
0 6 6 4 72.13
0 6 6 5 70.53
0 6 6 6 0.00
1 0 0 0 0.00
1 0 0 1 14.13
1 0 0 2 44.06
1 0 0 3 34.20
1 0 0 4 71.79
1 0 0 5 56.01
1 0 0 6 26.17
1 0 1 0 25.00
1 0 1 1 0.00
1 0 1 2 39.97
1 0 1 3 28.11
1 0 1 4 29.04
1 0 1 5 37.78
1 0 1 6 13.10
1 0 2 0 64.81
1 0 2 1 38.08
1 0 2 2 0.00
1 0 2 3 29.10
1 0 2 4 28.48
1 0 2 5 15.09
1 0 2 6 18.99
1 0 3 0 31.20
1 0 3 1 23.31
1 0 3 2 47.94
1 0 3 3 0.00
1 0 3 4 24.18
1 0 3 5 26.95
1 0 3 6 40.43
1 0 4 0 59.22
1 0 4 1 41.61
1 0 4 2 34.78
1 0 4 3 28.82
1 0 4 4 0.00
1 0 4 5 68.33
1 0 4 6 18.63
1 0 5 0 43.92
1 0 5 1 34.29
1 0 5 2 43.12
1 0 5 3 29.02
1 0 5 4 15.67
1 0 5 5 0.00
1 0 5 6 14.46
1 0 6 0 18.57
1 0 6 1 16.62
1 0 6 2 57.99
1 0 6 3 42.00
1 0 6 4 24.84
1 0 6 5 53.47
1 0 6 6 0.00
1 1 0 0 0.00
1 1 0 1 0.00
1 1 0 2 0.00
1 1 0 3 0.00
1 1 0 4 0.00
1 1 0 5 0.00
1 1 0 6 0.00
1 1 1 0 0.00
1 1 1 1 0.00
1 1 1 2 0.00
1 1 1 3 0.00
1 1 1 4 0.00
1 1 1 5 0.00
1 1 1 6 0.00
1 1 2 0 0.00
1 1 2 1 0.00
1 1 2 2 0.00
1 1 2 3 0.00
1 1 2 4 0.00
1 1 2 5 0.00
1 1 2 6 0.00
1 1 3 0 0.00
1 1 3 1 0.00
1 1 3 2 0.00
1 1 3 3 0.00
1 1 3 4 0.00
1 1 3 5 0.00
1 1 3 6 0.00
1 1 4 0 0.00
1 1 4 1 0.00
1 1 4 2 0.00
1 1 4 3 0.00
1 1 4 4 0.00
1 1 4 5 0.00
1 1 4 6 0.00
1 1 5 0 0.00
1 1 5 1 0.00
1 1 5 2 0.00
1 1 5 3 0.00
1 1 5 4 0.00
1 1 5 5 0.00
1 1 5 6 0.00
1 1 6 0 0.00
1 1 6 1 0.00
1 1 6 2 0.00
1 1 6 3 0.00
1 1 6 4 0.00
1 1 6 5 0.00
1 1 6 6 0.00
1 2 0 0 0.00
1 2 0 1 39.70
1 2 0 2 97.80
1 2 0 3 62.55
1 2 0 4 111.92
1 2 0 5 124.29
1 2 0 6 28.17
1 2 1 0 41.11
1 2 1 1 0.00
1 2 1 2 100.00
1 2 1 3 61.41
1 2 1 4 68.01
1 2 1 5 145.41
1 2 1 6 36.21
1 2 2 0 94.78
1 2 2 1 42.36
1 2 2 2 0.00
1 2 2 3 93.94
1 2 2 4 52.85
1 2 2 5 45.01
1 2 2 6 40.07
1 2 3 0 78.29
1 2 3 1 30.92
1 2 3 2 98.14
1 2 3 3 0.00
1 2 3 4 35.77
1 2 3 5 31.01
1 2 3 6 80.79
1 2 4 0 88.00
1 2 4 1 85.28
1 2 4 2 51.54
1 2 4 3 60.23
1 2 4 4 0.00
1 2 4 5 90.91
1 2 4 6 28.96
1 2 5 0 68.97
1 2 5 1 114.87
1 2 5 2 75.31
1 2 5 3 55.49
1 2 5 4 36.80
1 2 5 5 0.00
1 2 5 6 68.98
1 2 6 0 22.71
1 2 6 1 76.99
1 2 6 2 109.40
1 2 6 3 94.42
1 2 6 4 88.74
1 2 6 5 64.08
1 2 6 6 0.00
1 3 0 0 0.00
1 3 0 1 74.36
1 3 0 2 114.56
1 3 0 3 80.74
1 3 0 4 143.60
1 3 0 5 167.88
1 3 0 6 82.03
1 3 1 0 57.31
1 3 1 1 0.00
1 3 1 2 79.18
1 3 1 3 196.00
1 3 1 4 48.29
1 3 1 5 161.43
1 3 1 6 46.30
1 3 2 0 124.52
1 3 2 1 53.12
1 3 2 2 0.00
1 3 2 3 85.91
1 3 2 4 69.01
1 3 2 5 63.25
1 3 2 6 70.60
1 3 3 0 120.14
1 3 3 1 78.47
1 3 3 2 144.26
1 3 3 3 0.00
1 3 3 4 56.35
1 3 3 5 76.58
1 3 3 6 71.86
1 3 4 0 123.62
1 3 4 1 84.48
1 3 4 2 65.67
1 3 4 3 169.37
1 3 4 4 0.00
1 3 4 5 157.69
1 3 4 6 57.61
1 3 5 0 91.33
1 3 5 1 95.82
1 3 5 2 103.44
1 3 5 3 110.22
1 3 5 4 66.61
1 3 5 5 0.00
1 3 5 6 44.92
1 3 6 0 60.56
1 3 6 1 83.27
1 3 6 2 143.15
1 3 6 3 56.94
1 3 6 4 113.26
1 3 6 5 115.10
1 3 6 6 0.00
1 4 0 0 0.00
1 4 0 1 37.72
1 4 0 2 68.18
1 4 0 3 42.02
1 4 0 4 87.50
1 4 0 5 52.88
1 4 0 6 26.16
1 4 1 0 27.72
1 4 1 1 0.00
1 4 1 2 43.74
1 4 1 3 77.59
1 4 1 4 64.00
1 4 1 5 103.15
1 4 1 6 22.25
1 4 2 0 49.93
1 4 2 1 63.15
1 4 2 2 0.00
1 4 2 3 52.01
1 4 2 4 41.28
1 4 2 5 53.79
1 4 2 6 40.97
1 4 3 0 61.76
1 4 3 1 24.94
1 4 3 2 74.85
1 4 3 3 0.00
1 4 3 4 21.97
1 4 3 5 45.15
1 4 3 6 44.16
1 4 4 0 56.08
1 4 4 1 51.11
1 4 4 2 56.57
1 4 4 3 98.97
1 4 4 4 0.00
1 4 4 5 49.36
1 4 4 6 28.57
1 4 5 0 75.40
1 4 5 1 101.84
1 4 5 2 45.34
1 4 5 3 59.32
1 4 5 4 37.83
1 4 5 5 0.00
1 4 5 6 55.24
1 4 6 0 22.05
1 4 6 1 34.35
1 4 6 2 89.72
1 4 6 3 34.78
1 4 6 4 72.52
1 4 6 5 59.90
1 4 6 6 0.00
1 5 0 0 0.00
1 5 0 1 86.45
1 5 0 2 167.48
1 5 0 3 102.91
1 5 0 4 162.37
1 5 0 5 161.74
1 5 0 6 73.74
1 5 1 0 52.08
1 5 1 1 0.00
1 5 1 2 110.50
1 5 1 3 143.00
1 5 1 4 55.55
1 5 1 5 225.00
1 5 1 6 44.34
1 5 2 0 116.72
1 5 2 1 59.39
1 5 2 2 0.00
1 5 2 3 96.17
1 5 2 4 37.56
1 5 2 5 97.03
1 5 2 6 69.53
1 5 3 0 91.31
1 5 3 1 51.60
1 5 3 2 181.74
1 5 3 3 0.00
1 5 3 4 62.72
1 5 3 5 88.94
1 5 3 6 154.76
1 5 4 0 141.11
1 5 4 1 116.13
1 5 4 2 77.40
1 5 4 3 167.20
1 5 4 4 0.00
1 5 4 5 163.53
1 5 4 6 79.90
1 5 5 0 164.37
1 5 5 1 134.78
1 5 5 2 93.61
1 5 5 3 139.20
1 5 5 4 84.15
1 5 5 5 0.00
1 5 5 6 79.68
1 5 6 0 71.41
1 5 6 1 110.19
1 5 6 2 88.95
1 5 6 3 97.50
1 5 6 4 154.25
1 5 6 5 77.48
1 5 6 6 0.00
1 6 0 0 0.00
1 6 0 1 36.03
1 6 0 2 32.74
1 6 0 3 23.72
1 6 0 4 61.93
1 6 0 5 47.60
1 6 0 6 36.99
1 6 1 0 21.57
1 6 1 1 0.00
1 6 1 2 26.14
1 6 1 3 50.26
1 6 1 4 31.47
1 6 1 5 46.03
1 6 1 6 36.00
1 6 2 0 60.90
1 6 2 1 21.38
1 6 2 2 0.00
1 6 2 3 31.72
1 6 2 4 17.47
1 6 2 5 18.83
1 6 2 6 31.45
1 6 3 0 35.80
1 6 3 1 31.99
1 6 3 2 74.85
1 6 3 3 0.00
1 6 3 4 17.02
1 6 3 5 28.39
1 6 3 6 35.08
1 6 4 0 61.15
1 6 4 1 51.86
1 6 4 2 40.00
1 6 4 3 54.33
1 6 4 4 0.00
1 6 4 5 68.92
1 6 4 6 19.88
1 6 5 0 46.10
1 6 5 1 51.01
1 6 5 2 35.58
1 6 5 3 39.04
1 6 5 4 22.21
1 6 5 5 0.00
1 6 5 6 40.40
1 6 6 0 15.39
1 6 6 1 26.48
1 6 6 2 52.74
1 6 6 3 50.70
1 6 6 4 33.03
1 6 6 5 48.20
1 6 6 6 0.00
2 0 0 0 0.00
2 0 0 1 66.93
2 0 0 2 147.49
2 0 0 3 47.94
2 0 0 4 176.14
2 0 0 5 90.86
2 0 0 6 85.24
2 0 1 0 47.87
2 0 1 1 0.00
2 0 1 2 64.67
2 0 1 3 87.75
2 0 1 4 105.08
2 0 1 5 150.53
2 0 1 6 41.23
2 0 2 0 196.00
2 0 2 1 50.12
2 0 2 2 0.00
2 0 2 3 62.86
2 0 2 4 39.56
2 0 2 5 86.68
2 0 2 6 39.26
2 0 3 0 89.77
2 0 3 1 63.11
2 0 3 2 183.69
2 0 3 3 0.00
2 0 3 4 72.32
2 0 3 5 49.60
2 0 3 6 94.86
2 0 4 0 151.10
2 0 4 1 63.26
2 0 4 2 82.39
2 0 4 3 125.27
2 0 4 4 0.00
2 0 4 5 103.60
2 0 4 6 82.63
2 0 5 0 101.87
2 0 5 1 121.60
2 0 5 2 117.26
2 0 5 3 76.45
2 0 5 4 33.87
2 0 5 5 0.00
2 0 5 6 88.43
2 0 6 0 60.67
2 0 6 1 57.54
2 0 6 2 127.51
2 0 6 3 79.87
2 0 6 4 111.90
2 0 6 5 79.71
2 0 6 6 0.00
2 1 0 0 0.00
2 1 0 1 43.18
2 1 0 2 43.57
2 1 0 3 32.85
2 1 0 4 108.80
2 1 0 5 72.38
2 1 0 6 43.90
2 1 1 0 21.36
2 1 1 1 0.00
2 1 1 2 78.12
2 1 1 3 55.90
2 1 1 4 50.28
2 1 1 5 114.51
2 1 1 6 41.90
2 1 2 0 58.58
2 1 2 1 64.00
2 1 2 2 0.00
2 1 2 3 66.75
2 1 2 4 35.29
2 1 2 5 44.05
2 1 2 6 46.76
2 1 3 0 73.22
2 1 3 1 42.77
2 1 3 2 96.98
2 1 3 3 0.00
2 1 3 4 46.20
2 1 3 5 31.69
2 1 3 6 73.16
2 1 4 0 67.36
2 1 4 1 55.97
2 1 4 2 36.70
2 1 4 3 78.06
2 1 4 4 0.00
2 1 4 5 89.97
2 1 4 6 42.19
2 1 5 0 51.23
2 1 5 1 79.48
2 1 5 2 34.79
2 1 5 3 57.65
2 1 5 4 33.80
2 1 5 5 0.00
2 1 5 6 26.79
2 1 6 0 33.98
2 1 6 1 35.90
2 1 6 2 55.89
2 1 6 3 52.01
2 1 6 4 88.12
2 1 6 5 81.49
2 1 6 6 0.00
2 2 0 0 0.00
2 2 0 1 0.00
2 2 0 2 0.00
2 2 0 3 0.00
2 2 0 4 0.00
2 2 0 5 0.00
2 2 0 6 0.00
2 2 1 0 0.00
2 2 1 1 0.00
2 2 1 2 0.00
2 2 1 3 0.00
2 2 1 4 0.00
2 2 1 5 0.00
2 2 1 6 0.00
2 2 2 0 0.00
2 2 2 1 0.00
2 2 2 2 0.00
2 2 2 3 0.00
2 2 2 4 0.00
2 2 2 5 0.00
2 2 2 6 0.00
2 2 3 0 0.00
2 2 3 1 0.00
2 2 3 2 0.00
2 2 3 3 0.00
2 2 3 4 0.00
2 2 3 5 0.00
2 2 3 6 0.00
2 2 4 0 0.00
2 2 4 1 0.00
2 2 4 2 0.00
2 2 4 3 0.00
2 2 4 4 0.00
2 2 4 5 0.00
2 2 4 6 0.00
2 2 5 0 0.00
2 2 5 1 0.00
2 2 5 2 0.00
2 2 5 3 0.00
2 2 5 4 0.00
2 2 5 5 0.00
2 2 5 6 0.00
2 2 6 0 0.00
2 2 6 1 0.00
2 2 6 2 0.00
2 2 6 3 0.00
2 2 6 4 0.00
2 2 6 5 0.00
2 2 6 6 0.00
2 3 0 0 0.00
2 3 0 1 57.17
2 3 0 2 67.83
2 3 0 3 40.26
2 3 0 4 140.50
2 3 0 5 67.16
2 3 0 6 46.30
2 3 1 0 32.15
2 3 1 1 0.00
2 3 1 2 64.86
2 3 1 3 64.44
2 3 1 4 80.98
2 3 1 5 138.87
2 3 1 6 45.22
2 3 2 0 92.98
2 3 2 1 68.98
2 3 2 2 0.00
2 3 2 3 121.00
2 3 2 4 32.21
2 3 2 5 56.25
2 3 2 6 48.47
2 3 3 0 76.00
2 3 3 1 61.38
2 3 3 2 62.12
2 3 3 3 0.00
2 3 3 4 54.66
2 3 3 5 63.53
2 3 3 6 110.18
2 3 4 0 142.87
2 3 4 1 60.32
2 3 4 2 74.81
2 3 4 3 134.67
2 3 4 4 0.00
2 3 4 5 63.54
2 3 4 6 54.53
2 3 5 0 67.16
2 3 5 1 87.93
2 3 5 2 78.22
2 3 5 3 80.88
2 3 5 4 46.41
2 3 5 5 0.00
2 3 5 6 33.45
2 3 6 0 42.22
2 3 6 1 53.04
2 3 6 2 76.46
2 3 6 3 46.19
2 3 6 4 52.87
2 3 6 5 118.43
2 3 6 6 0.00
2 4 0 0 0.00
2 4 0 1 17.52
2 4 0 2 41.62
2 4 0 3 28.19
2 4 0 4 73.12
2 4 0 5 35.54
2 4 0 6 29.96
2 4 1 0 26.41
2 4 1 1 0.00
2 4 1 2 55.01
2 4 1 3 64.69
2 4 1 4 28.40
2 4 1 5 84.40
2 4 1 6 28.44
2 4 2 0 76.48
2 4 2 1 26.94
2 4 2 2 0.00
2 4 2 3 42.22
2 4 2 4 36.00
2 4 2 5 31.09
2 4 2 6 20.15
2 4 3 0 42.82
2 4 3 1 28.77
2 4 3 2 55.80
2 4 3 3 0.00
2 4 3 4 29.65
2 4 3 5 29.12
2 4 3 6 39.79
2 4 4 0 46.72
2 4 4 1 41.35
2 4 4 2 23.22
2 4 4 3 65.38
2 4 4 4 0.00
2 4 4 5 42.46
2 4 4 6 23.70
2 4 5 0 33.20
2 4 5 1 56.67
2 4 5 2 22.96
2 4 5 3 61.66
2 4 5 4 32.04
2 4 5 5 0.00
2 4 5 6 36.27
2 4 6 0 14.88
2 4 6 1 29.46
2 4 6 2 58.38
2 4 6 3 26.68
2 4 6 4 31.98
2 4 6 5 37.10
2 4 6 6 0.00
2 5 0 0 0.00
2 5 0 1 38.48
2 5 0 2 55.44
2 5 0 3 42.32
2 5 0 4 100.62
2 5 0 5 80.44
2 5 0 6 30.87
2 5 1 0 31.68
2 5 1 1 0.00
2 5 1 2 64.62
2 5 1 3 91.18
2 5 1 4 37.02
2 5 1 5 57.06
2 5 1 6 39.92
2 5 2 0 49.40
2 5 2 1 52.79
2 5 2 2 0.00
2 5 2 3 37.67
2 5 2 4 25.23
2 5 2 5 49.00
2 5 2 6 36.83
2 5 3 0 38.44
2 5 3 1 33.91
2 5 3 2 85.08
2 5 3 3 0.00
2 5 3 4 30.92
2 5 3 5 41.10
2 5 3 6 53.43
2 5 4 0 95.27
2 5 4 1 54.41
2 5 4 2 42.25
2 5 4 3 62.58
2 5 4 4 0.00
2 5 4 5 54.34
2 5 4 6 17.30
2 5 5 0 43.42
2 5 5 1 61.72
2 5 5 2 53.82
2 5 5 3 58.00
2 5 5 4 18.91
2 5 5 5 0.00
2 5 5 6 27.36
2 5 6 0 18.39
2 5 6 1 40.00
2 5 6 2 81.53
2 5 6 3 36.22
2 5 6 4 37.28
2 5 6 5 46.01
2 5 6 6 0.00
2 6 0 0 0.00
2 6 0 1 40.41
2 6 0 2 60.64
2 6 0 3 24.76
2 6 0 4 65.37
2 6 0 5 71.86
2 6 0 6 37.64
2 6 1 0 33.73
2 6 1 1 0.00
2 6 1 2 39.95
2 6 1 3 92.91
2 6 1 4 33.76
2 6 1 5 60.12
2 6 1 6 30.13
2 6 2 0 64.77
2 6 2 1 49.74
2 6 2 2 0.00
2 6 2 3 31.58
2 6 2 4 23.92
2 6 2 5 47.96
2 6 2 6 49.00
2 6 3 0 57.58
2 6 3 1 48.16
2 6 3 2 95.81
2 6 3 3 0.00
2 6 3 4 30.28
2 6 3 5 30.63
2 6 3 6 39.61
2 6 4 0 66.16
2 6 4 1 61.49
2 6 4 2 29.48
2 6 4 3 38.59
2 6 4 4 0.00
2 6 4 5 57.98
2 6 4 6 18.90
2 6 5 0 39.32
2 6 5 1 84.05
2 6 5 2 44.58
2 6 5 3 64.86
2 6 5 4 29.94
2 6 5 5 0.00
2 6 5 6 40.62
2 6 6 0 17.26
2 6 6 1 32.26
2 6 6 2 38.45
2 6 6 3 30.67
2 6 6 4 64.83
2 6 6 5 64.94
2 6 6 6 0.00
3 0 0 0 0.00
3 0 0 1 57.30
3 0 0 2 80.04
3 0 0 3 59.69
3 0 0 4 91.24
3 0 0 5 71.77
3 0 0 6 54.60
3 0 1 0 43.01
3 0 1 1 0.00
3 0 1 2 87.40
3 0 1 3 104.67
3 0 1 4 41.56
3 0 1 5 99.77
3 0 1 6 50.78
3 0 2 0 72.76
3 0 2 1 77.50
3 0 2 2 0.00
3 0 2 3 87.81
3 0 2 4 34.14
3 0 2 5 53.22
3 0 2 6 39.29
3 0 3 0 100.00
3 0 3 1 46.86
3 0 3 2 129.55
3 0 3 3 0.00
3 0 3 4 55.42
3 0 3 5 44.30
3 0 3 6 102.56
3 0 4 0 65.21
3 0 4 1 80.13
3 0 4 2 65.08
3 0 4 3 54.98
3 0 4 4 0.00
3 0 4 5 126.42
3 0 4 6 37.33
3 0 5 0 77.46
3 0 5 1 101.91
3 0 5 2 52.12
3 0 5 3 97.80
3 0 5 4 29.93
3 0 5 5 0.00
3 0 5 6 56.04
3 0 6 0 20.91
3 0 6 1 42.09
3 0 6 2 87.91
3 0 6 3 56.72
3 0 6 4 118.12
3 0 6 5 103.36
3 0 6 6 0.00
3 1 0 0 0.00
3 1 0 1 29.16
3 1 0 2 54.44
3 1 0 3 23.49
3 1 0 4 76.99
3 1 0 5 50.75
3 1 0 6 39.38
3 1 1 0 17.01
3 1 1 1 0.00
3 1 1 2 55.55
3 1 1 3 60.71
3 1 1 4 35.15
3 1 1 5 53.30
3 1 1 6 32.57
3 1 2 0 88.04
3 1 2 1 28.31
3 1 2 2 0.00
3 1 2 3 66.78
3 1 2 4 40.65
3 1 2 5 45.91
3 1 2 6 41.54
3 1 3 0 51.02
3 1 3 1 49.00
3 1 3 2 64.86
3 1 3 3 0.00
3 1 3 4 21.02
3 1 3 5 39.65
3 1 3 6 36.18
3 1 4 0 62.35
3 1 4 1 54.07
3 1 4 2 35.23
3 1 4 3 83.18
3 1 4 4 0.00
3 1 4 5 68.25
3 1 4 6 40.44
3 1 5 0 79.08
3 1 5 1 53.39
3 1 5 2 36.16
3 1 5 3 63.43
3 1 5 4 26.45
3 1 5 5 0.00
3 1 5 6 23.07
3 1 6 0 20.23
3 1 6 1 39.90
3 1 6 2 79.27
3 1 6 3 30.10
3 1 6 4 35.50
3 1 6 5 38.52
3 1 6 6 0.00
3 2 0 0 0.00
3 2 0 1 42.10
3 2 0 2 144.64
3 2 0 3 84.94
3 2 0 4 122.63
3 2 0 5 112.97
3 2 0 6 65.43
3 2 1 0 42.03
3 2 1 1 0.00
3 2 1 2 138.12
3 2 1 3 175.04
3 2 1 4 56.30
3 2 1 5 126.21
3 2 1 6 48.08
3 2 2 0 163.46
3 2 2 1 71.96
3 2 2 2 0.00
3 2 2 3 104.56
3 2 2 4 40.63
3 2 2 5 93.47
3 2 2 6 73.55
3 2 3 0 90.74
3 2 3 1 46.39
3 2 3 2 196.00
3 2 3 3 0.00
3 2 3 4 56.23
3 2 3 5 54.34
3 2 3 6 125.61
3 2 4 0 193.28
3 2 4 1 105.37
3 2 4 2 71.34
3 2 4 3 120.17
3 2 4 4 0.00
3 2 4 5 144.24
3 2 4 6 58.13
3 2 5 0 123.69
3 2 5 1 151.80
3 2 5 2 119.40
3 2 5 3 100.92
3 2 5 4 67.38
3 2 5 5 0.00
3 2 5 6 70.23
3 2 6 0 60.20
3 2 6 1 97.59
3 2 6 2 159.23
3 2 6 3 107.71
3 2 6 4 147.59
3 2 6 5 95.48
3 2 6 6 0.00
3 3 0 0 0.00
3 3 0 1 0.00
3 3 0 2 0.00
3 3 0 3 0.00
3 3 0 4 0.00
3 3 0 5 0.00
3 3 0 6 0.00
3 3 1 0 0.00
3 3 1 1 0.00
3 3 1 2 0.00
3 3 1 3 0.00
3 3 1 4 0.00
3 3 1 5 0.00
3 3 1 6 0.00
3 3 2 0 0.00
3 3 2 1 0.00
3 3 2 2 0.00
3 3 2 3 0.00
3 3 2 4 0.00
3 3 2 5 0.00
3 3 2 6 0.00
3 3 3 0 0.00
3 3 3 1 0.00
3 3 3 2 0.00
3 3 3 3 0.00
3 3 3 4 0.00
3 3 3 5 0.00
3 3 3 6 0.00
3 3 4 0 0.00
3 3 4 1 0.00
3 3 4 2 0.00
3 3 4 3 0.00
3 3 4 4 0.00
3 3 4 5 0.00
3 3 4 6 0.00
3 3 5 0 0.00
3 3 5 1 0.00
3 3 5 2 0.00
3 3 5 3 0.00
3 3 5 4 0.00
3 3 5 5 0.00
3 3 5 6 0.00
3 3 6 0 0.00
3 3 6 1 0.00
3 3 6 2 0.00
3 3 6 3 0.00
3 3 6 4 0.00
3 3 6 5 0.00
3 3 6 6 0.00
3 4 0 0 0.00
3 4 0 1 20.91
3 4 0 2 31.75
3 4 0 3 40.21
3 4 0 4 62.45
3 4 0 5 69.24
3 4 0 6 34.85
3 4 1 0 16.35
3 4 1 1 0.00
3 4 1 2 34.01
3 4 1 3 62.32
3 4 1 4 38.51
3 4 1 5 47.27
3 4 1 6 25.60
3 4 2 0 41.79
3 4 2 1 35.93
3 4 2 2 0.00
3 4 2 3 56.61
3 4 2 4 26.20
3 4 2 5 23.71
3 4 2 6 27.92
3 4 3 0 55.02
3 4 3 1 20.60
3 4 3 2 70.26
3 4 3 3 0.00
3 4 3 4 36.00
3 4 3 5 27.67
3 4 3 6 65.71
3 4 4 0 74.78
3 4 4 1 32.30
3 4 4 2 25.24
3 4 4 3 42.61
3 4 4 4 0.00
3 4 4 5 58.12
3 4 4 6 30.13
3 4 5 0 64.03
3 4 5 1 50.30
3 4 5 2 43.27
3 4 5 3 66.52
3 4 5 4 25.02
3 4 5 5 0.00
3 4 5 6 18.98
3 4 6 0 17.60
3 4 6 1 44.90
3 4 6 2 57.81
3 4 6 3 33.05
3 4 6 4 56.17
3 4 6 5 58.29
3 4 6 6 0.00
3 5 0 0 0.00
3 5 0 1 28.74
3 5 0 2 38.20
3 5 0 3 28.51
3 5 0 4 37.35
3 5 0 5 65.46
3 5 0 6 23.02
3 5 1 0 24.52
3 5 1 1 0.00
3 5 1 2 41.90
3 5 1 3 55.97
3 5 1 4 45.43
3 5 1 5 75.44
3 5 1 6 25.13
3 5 2 0 81.71
3 5 2 1 41.30
3 5 2 2 0.00
3 5 2 3 36.24
3 5 2 4 16.19
3 5 2 5 22.69
3 5 2 6 39.00
3 5 3 0 25.89
3 5 3 1 25.73
3 5 3 2 69.49
3 5 3 3 0.00
3 5 3 4 18.19
3 5 3 5 36.00
3 5 3 6 55.69
3 5 4 0 57.72
3 5 4 1 31.19
3 5 4 2 23.43
3 5 4 3 62.19
3 5 4 4 0.00
3 5 4 5 60.01
3 5 4 6 19.42
3 5 5 0 57.10
3 5 5 1 58.58
3 5 5 2 48.57
3 5 5 3 47.51
3 5 5 4 24.32
3 5 5 5 0.00
3 5 5 6 29.72
3 5 6 0 17.85
3 5 6 1 39.67
3 5 6 2 58.01
3 5 6 3 32.50
3 5 6 4 52.67
3 5 6 5 56.16
3 5 6 6 0.00
3 6 0 0 0.00
3 6 0 1 76.86
3 6 0 2 129.02
3 6 0 3 70.50
3 6 0 4 78.21
3 6 0 5 132.23
3 6 0 6 60.71
3 6 1 0 47.78
3 6 1 1 0.00
3 6 1 2 114.30
3 6 1 3 120.13
3 6 1 4 40.95
3 6 1 5 139.07
3 6 1 6 37.35
3 6 2 0 85.19
3 6 2 1 87.36
3 6 2 2 0.00
3 6 2 3 89.67
3 6 2 4 43.02
3 6 2 5 48.27
3 6 2 6 35.02
3 6 3 0 51.89
3 6 3 1 47.92
3 6 3 2 144.33
3 6 3 3 0.00
3 6 3 4 31.68
3 6 3 5 59.08
3 6 3 6 144.00
3 6 4 0 104.72
3 6 4 1 80.51
3 6 4 2 52.60
3 6 4 3 109.19
3 6 4 4 0.00
3 6 4 5 123.51
3 6 4 6 56.53
3 6 5 0 74.08
3 6 5 1 104.04
3 6 5 2 57.50
3 6 5 3 112.48
3 6 5 4 50.59
3 6 5 5 0.00
3 6 5 6 59.43
3 6 6 0 29.33
3 6 6 1 88.38
3 6 6 2 65.71
3 6 6 3 62.74
3 6 6 4 90.45
3 6 6 5 68.19
3 6 6 6 0.00
4 0 0 0 0.00
4 0 0 1 59.72
4 0 0 2 120.92
4 0 0 3 49.37
4 0 0 4 103.25
4 0 0 5 111.39
4 0 0 6 65.06
4 0 1 0 46.49
4 0 1 1 0.00
4 0 1 2 72.32
4 0 1 3 146.97
4 0 1 4 95.84
4 0 1 5 88.61
4 0 1 6 72.63
4 0 2 0 159.01
4 0 2 1 53.42
4 0 2 2 0.00
4 0 2 3 81.05
4 0 2 4 43.09
4 0 2 5 59.37
4 0 2 6 74.64
4 0 3 0 78.53
4 0 3 1 87.44
4 0 3 2 87.77
4 0 3 3 0.00
4 0 3 4 54.34
4 0 3 5 65.93
4 0 3 6 118.06
4 0 4 0 196.00
4 0 4 1 89.83
4 0 4 2 45.29
4 0 4 3 153.63
4 0 4 4 0.00
4 0 4 5 117.82
4 0 4 6 65.03
4 0 5 0 113.66
4 0 5 1 74.93
4 0 5 2 119.49
4 0 5 3 123.30
4 0 5 4 39.57
4 0 5 5 0.00
4 0 5 6 91.09
4 0 6 0 64.72
4 0 6 1 88.76
4 0 6 2 133.58
4 0 6 3 100.24
4 0 6 4 99.02
4 0 6 5 91.67
4 0 6 6 0.00
4 1 0 0 0.00
4 1 0 1 67.48
4 1 0 2 111.03
4 1 0 3 56.92
4 1 0 4 78.98
4 1 0 5 105.17
4 1 0 6 56.19
4 1 1 0 21.41
4 1 1 1 0.00
4 1 1 2 54.87
4 1 1 3 118.25
4 1 1 4 75.98
4 1 1 5 60.09
4 1 1 6 30.35
4 1 2 0 83.63
4 1 2 1 57.81
4 1 2 2 0.00
4 1 2 3 59.05
4 1 2 4 50.81
4 1 2 5 45.27
4 1 2 6 34.88
4 1 3 0 98.29
4 1 3 1 36.40
4 1 3 2 123.44
4 1 3 3 0.00
4 1 3 4 33.56
4 1 3 5 25.65
4 1 3 6 50.67
4 1 4 0 133.62
4 1 4 1 100.00
4 1 4 2 77.08
4 1 4 3 120.31
4 1 4 4 0.00
4 1 4 5 59.12
4 1 4 6 41.01
4 1 5 0 78.33
4 1 5 1 54.94
4 1 5 2 45.30
4 1 5 3 70.59
4 1 5 4 28.76
4 1 5 5 0.00
4 1 5 6 53.46
4 1 6 0 20.97
4 1 6 1 39.18
4 1 6 2 98.89
4 1 6 3 63.80
4 1 6 4 92.50
4 1 6 5 106.48
4 1 6 6 0.00
4 2 0 0 0.00
4 2 0 1 42.75
4 2 0 2 42.21
4 2 0 3 25.14
4 2 0 4 52.69
4 2 0 5 72.37
4 2 0 6 49.15
4 2 1 0 25.10
4 2 1 1 0.00
4 2 1 2 75.32
4 2 1 3 85.91
4 2 1 4 37.40
4 2 1 5 79.54
4 2 1 6 19.66
4 2 2 0 74.98
4 2 2 1 49.25
4 2 2 2 0.00
4 2 2 3 44.96
4 2 2 4 30.46
4 2 2 5 48.66
4 2 2 6 46.50
4 2 3 0 53.34
4 2 3 1 38.84
4 2 3 2 49.38
4 2 3 3 0.00
4 2 3 4 42.39
4 2 3 5 28.64
4 2 3 6 84.02
4 2 4 0 67.25
4 2 4 1 36.57
4 2 4 2 64.00
4 2 4 3 64.50
4 2 4 4 0.00
4 2 4 5 65.03
4 2 4 6 34.17
4 2 5 0 53.81
4 2 5 1 58.61
4 2 5 2 50.98
4 2 5 3 80.09
4 2 5 4 39.20
4 2 5 5 0.00
4 2 5 6 48.49
4 2 6 0 35.27
4 2 6 1 55.50
4 2 6 2 102.04
4 2 6 3 72.79
4 2 6 4 54.63
4 2 6 5 76.81
4 2 6 6 0.00
4 3 0 0 0.00
4 3 0 1 64.68
4 3 0 2 126.35
4 3 0 3 75.12
4 3 0 4 144.71
4 3 0 5 98.20
4 3 0 6 55.98
4 3 1 0 50.00
4 3 1 1 0.00
4 3 1 2 117.25
4 3 1 3 176.62
4 3 1 4 87.75
4 3 1 5 175.75
4 3 1 6 51.65
4 3 2 0 163.21
4 3 2 1 64.21
4 3 2 2 0.00
4 3 2 3 110.24
4 3 2 4 57.93
4 3 2 5 87.02
4 3 2 6 58.44
4 3 3 0 112.11
4 3 3 1 49.14
4 3 3 2 110.06
4 3 3 3 0.00
4 3 3 4 49.10
4 3 3 5 71.00
4 3 3 6 100.28
4 3 4 0 96.01
4 3 4 1 98.47
4 3 4 2 71.99
4 3 4 3 169.00
4 3 4 4 0.00
4 3 4 5 133.34
4 3 4 6 49.36
4 3 5 0 95.94
4 3 5 1 145.62
4 3 5 2 56.24
4 3 5 3 69.10
4 3 5 4 50.24
4 3 5 5 0.00
4 3 5 6 82.63
4 3 6 0 34.45
4 3 6 1 77.81
4 3 6 2 78.15
4 3 6 3 85.01
4 3 6 4 67.42
4 3 6 5 122.42
4 3 6 6 0.00
4 4 0 0 0.00
4 4 0 1 0.00
4 4 0 2 0.00
4 4 0 3 0.00
4 4 0 4 0.00
4 4 0 5 0.00
4 4 0 6 0.00
4 4 1 0 0.00
4 4 1 1 0.00
4 4 1 2 0.00
4 4 1 3 0.00
4 4 1 4 0.00
4 4 1 5 0.00
4 4 1 6 0.00
4 4 2 0 0.00
4 4 2 1 0.00
4 4 2 2 0.00
4 4 2 3 0.00
4 4 2 4 0.00
4 4 2 5 0.00
4 4 2 6 0.00
4 4 3 0 0.00
4 4 3 1 0.00
4 4 3 2 0.00
4 4 3 3 0.00
4 4 3 4 0.00
4 4 3 5 0.00
4 4 3 6 0.00
4 4 4 0 0.00
4 4 4 1 0.00
4 4 4 2 0.00
4 4 4 3 0.00
4 4 4 4 0.00
4 4 4 5 0.00
4 4 4 6 0.00
4 4 5 0 0.00
4 4 5 1 0.00
4 4 5 2 0.00
4 4 5 3 0.00
4 4 5 4 0.00
4 4 5 5 0.00
4 4 5 6 0.00
4 4 6 0 0.00
4 4 6 1 0.00
4 4 6 2 0.00
4 4 6 3 0.00
4 4 6 4 0.00
4 4 6 5 0.00
4 4 6 6 0.00
4 5 0 0 0.00
4 5 0 1 66.60
4 5 0 2 74.93
4 5 0 3 92.45
4 5 0 4 95.48
4 5 0 5 148.69
4 5 0 6 69.74
4 5 1 0 44.32
4 5 1 1 0.00
4 5 1 2 109.82
4 5 1 3 165.23
4 5 1 4 57.62
4 5 1 5 115.89
4 5 1 6 71.68
4 5 2 0 138.94
4 5 2 1 109.97
4 5 2 2 0.00
4 5 2 3 143.53
4 5 2 4 38.01
4 5 2 5 72.17
4 5 2 6 44.89
4 5 3 0 66.81
4 5 3 1 67.56
4 5 3 2 176.65
4 5 3 3 0.00
4 5 3 4 73.76
4 5 3 5 48.06
4 5 3 6 132.35
4 5 4 0 164.01
4 5 4 1 70.60
4 5 4 2 74.05
4 5 4 3 98.93
4 5 4 4 0.00
4 5 4 5 196.00
4 5 4 6 39.18
4 5 5 0 103.25
4 5 5 1 161.94
4 5 5 2 59.56
4 5 5 3 76.79
4 5 5 4 58.31
4 5 5 5 0.00
4 5 5 6 70.54
4 5 6 0 60.15
4 5 6 1 109.33
4 5 6 2 157.72
4 5 6 3 121.92
4 5 6 4 70.88
4 5 6 5 149.00
4 5 6 6 0.00
4 6 0 0 0.00
4 6 0 1 38.06
4 6 0 2 57.64
4 6 0 3 40.13
4 6 0 4 84.02
4 6 0 5 53.36
4 6 0 6 19.40
4 6 1 0 17.80
4 6 1 1 0.00
4 6 1 2 39.82
4 6 1 3 48.49
4 6 1 4 30.11
4 6 1 5 36.83
4 6 1 6 17.36
4 6 2 0 52.05
4 6 2 1 31.35
4 6 2 2 0.00
4 6 2 3 41.59
4 6 2 4 28.66
4 6 2 5 35.20
4 6 2 6 21.36
4 6 3 0 42.47
4 6 3 1 36.96
4 6 3 2 60.95
4 6 3 3 0.00
4 6 3 4 17.16
4 6 3 5 31.56
4 6 3 6 29.79
4 6 4 0 68.00
4 6 4 1 36.16
4 6 4 2 43.63
4 6 4 3 69.36
4 6 4 4 0.00
4 6 4 5 61.01
4 6 4 6 36.00
4 6 5 0 31.29
4 6 5 1 56.09
4 6 5 2 30.03
4 6 5 3 38.30
4 6 5 4 18.17
4 6 5 5 0.00
4 6 5 6 36.66
4 6 6 0 17.07
4 6 6 1 19.32
4 6 6 2 44.50
4 6 6 3 46.16
4 6 6 4 65.43
4 6 6 5 47.74
4 6 6 6 0.00
5 0 0 0 0.00
5 0 0 1 78.81
5 0 0 2 100.01
5 0 0 3 80.86
5 0 0 4 109.25
5 0 0 5 131.99
5 0 0 6 69.73
5 0 1 0 52.25
5 0 1 1 0.00
5 0 1 2 51.09
5 0 1 3 130.87
5 0 1 4 83.59
5 0 1 5 88.67
5 0 1 6 68.11
5 0 2 0 152.00
5 0 2 1 82.74
5 0 2 2 0.00
5 0 2 3 61.76
5 0 2 4 39.73
5 0 2 5 55.18
5 0 2 6 37.49
5 0 3 0 101.06
5 0 3 1 40.62
5 0 3 2 140.72
5 0 3 3 0.00
5 0 3 4 40.51
5 0 3 5 57.40
5 0 3 6 85.91
5 0 4 0 150.32
5 0 4 1 89.58
5 0 4 2 93.60
5 0 4 3 99.06
5 0 4 4 0.00
5 0 4 5 81.51
5 0 4 6 51.33
5 0 5 0 144.00
5 0 5 1 123.86
5 0 5 2 83.79
5 0 5 3 67.31
5 0 5 4 61.21
5 0 5 5 0.00
5 0 5 6 76.85
5 0 6 0 55.72
5 0 6 1 75.68
5 0 6 2 136.88
5 0 6 3 65.92
5 0 6 4 90.73
5 0 6 5 94.27
5 0 6 6 0.00
5 1 0 0 0.00
5 1 0 1 78.71
5 1 0 2 134.94
5 1 0 3 40.74
5 1 0 4 157.66
5 1 0 5 175.91
5 1 0 6 88.14
5 1 1 0 30.75
5 1 1 1 0.00
5 1 1 2 83.51
5 1 1 3 122.65
5 1 1 4 80.56
5 1 1 5 169.94
5 1 1 6 68.63
5 1 2 0 86.19
5 1 2 1 79.06
5 1 2 2 0.00
5 1 2 3 119.65
5 1 2 4 56.47
5 1 2 5 87.35
5 1 2 6 61.40
5 1 3 0 63.31
5 1 3 1 84.83
5 1 3 2 163.37
5 1 3 3 0.00
5 1 3 4 32.27
5 1 3 5 52.62
5 1 3 6 121.49
5 1 4 0 177.43
5 1 4 1 76.51
5 1 4 2 94.34
5 1 4 3 101.68
5 1 4 4 0.00
5 1 4 5 107.05
5 1 4 6 33.94
5 1 5 0 84.48
5 1 5 1 169.00
5 1 5 2 104.63
5 1 5 3 144.93
5 1 5 4 72.12
5 1 5 5 0.00
5 1 5 6 50.34
5 1 6 0 31.77
5 1 6 1 98.88
5 1 6 2 131.19
5 1 6 3 83.23
5 1 6 4 79.99
5 1 6 5 111.54
5 1 6 6 0.00
5 2 0 0 0.00
5 2 0 1 59.40
5 2 0 2 103.30
5 2 0 3 35.04
5 2 0 4 54.37
5 2 0 5 119.78
5 2 0 6 49.63
5 2 1 0 32.54
5 2 1 1 0.00
5 2 1 2 67.45
5 2 1 3 93.36
5 2 1 4 58.53
5 2 1 5 75.13
5 2 1 6 51.12
5 2 2 0 56.64
5 2 2 1 39.21
5 2 2 2 0.00
5 2 2 3 88.67
5 2 2 4 48.74
5 2 2 5 31.15
5 2 2 6 29.81
5 2 3 0 58.27
5 2 3 1 31.68
5 2 3 2 107.66
5 2 3 3 0.00
5 2 3 4 42.01
5 2 3 5 24.05
5 2 3 6 87.07
5 2 4 0 113.03
5 2 4 1 52.38
5 2 4 2 36.49
5 2 4 3 59.09
5 2 4 4 0.00
5 2 4 5 107.41
5 2 4 6 26.25
5 2 5 0 50.43
5 2 5 1 110.85
5 2 5 2 81.00
5 2 5 3 91.02
5 2 5 4 41.99
5 2 5 5 0.00
5 2 5 6 28.85
5 2 6 0 44.09
5 2 6 1 47.16
5 2 6 2 76.47
5 2 6 3 74.55
5 2 6 4 93.27
5 2 6 5 80.23
5 2 6 6 0.00
5 3 0 0 0.00
5 3 0 1 81.95
5 3 0 2 58.82
5 3 0 3 47.20
5 3 0 4 124.75
5 3 0 5 139.13
5 3 0 6 77.88
5 3 1 0 43.89
5 3 1 1 0.00
5 3 1 2 100.61
5 3 1 3 77.44
5 3 1 4 54.96
5 3 1 5 174.68
5 3 1 6 30.49
5 3 2 0 101.84
5 3 2 1 91.94
5 3 2 2 0.00
5 3 2 3 62.31
5 3 2 4 68.43
5 3 2 5 59.11
5 3 2 6 41.87
5 3 3 0 69.20
5 3 3 1 81.18
5 3 3 2 161.44
5 3 3 3 0.00
5 3 3 4 30.63
5 3 3 5 34.92
5 3 3 6 100.25
5 3 4 0 151.97
5 3 4 1 76.76
5 3 4 2 54.95
5 3 4 3 123.32
5 3 4 4 0.00
5 3 4 5 137.36
5 3 4 6 31.54
5 3 5 0 100.94
5 3 5 1 122.99
5 3 5 2 47.20
5 3 5 3 144.00
5 3 5 4 29.68
5 3 5 5 0.00
5 3 5 6 64.82
5 3 6 0 48.63
5 3 6 1 72.46
5 3 6 2 116.50
5 3 6 3 55.07
5 3 6 4 123.56
5 3 6 5 71.75
5 3 6 6 0.00
5 4 0 0 0.00
5 4 0 1 38.08
5 4 0 2 53.83
5 4 0 3 39.23
5 4 0 4 77.17
5 4 0 5 42.88
5 4 0 6 26.59
5 4 1 0 14.17
5 4 1 1 0.00
5 4 1 2 28.50
5 4 1 3 37.86
5 4 1 4 44.97
5 4 1 5 52.06
5 4 1 6 32.65
5 4 2 0 35.86
5 4 2 1 46.59
5 4 2 2 0.00
5 4 2 3 36.36
5 4 2 4 26.93
5 4 2 5 35.78
5 4 2 6 39.64
5 4 3 0 40.91
5 4 3 1 18.76
5 4 3 2 58.86
5 4 3 3 0.00
5 4 3 4 25.11
5 4 3 5 21.77
5 4 3 6 68.23
5 4 4 0 49.24
5 4 4 1 56.05
5 4 4 2 27.80
5 4 4 3 44.16
5 4 4 4 0.00
5 4 4 5 48.27
5 4 4 6 31.37
5 4 5 0 70.79
5 4 5 1 41.88
5 4 5 2 27.50
5 4 5 3 41.08
5 4 5 4 36.00
5 4 5 5 0.00
5 4 5 6 35.90
5 4 6 0 26.01
5 4 6 1 45.55
5 4 6 2 70.52
5 4 6 3 50.67
5 4 6 4 41.91
5 4 6 5 49.43
5 4 6 6 0.00
5 5 0 0 0.00
5 5 0 1 0.00
5 5 0 2 0.00
5 5 0 3 0.00
5 5 0 4 0.00
5 5 0 5 0.00
5 5 0 6 0.00
5 5 1 0 0.00
5 5 1 1 0.00
5 5 1 2 0.00
5 5 1 3 0.00
5 5 1 4 0.00
5 5 1 5 0.00
5 5 1 6 0.00
5 5 2 0 0.00
5 5 2 1 0.00
5 5 2 2 0.00
5 5 2 3 0.00
5 5 2 4 0.00
5 5 2 5 0.00
5 5 2 6 0.00
5 5 3 0 0.00
5 5 3 1 0.00
5 5 3 2 0.00
5 5 3 3 0.00
5 5 3 4 0.00
5 5 3 5 0.00
5 5 3 6 0.00
5 5 4 0 0.00
5 5 4 1 0.00
5 5 4 2 0.00
5 5 4 3 0.00
5 5 4 4 0.00
5 5 4 5 0.00
5 5 4 6 0.00
5 5 5 0 0.00
5 5 5 1 0.00
5 5 5 2 0.00
5 5 5 3 0.00
5 5 5 4 0.00
5 5 5 5 0.00
5 5 5 6 0.00
5 5 6 0 0.00
5 5 6 1 0.00
5 5 6 2 0.00
5 5 6 3 0.00
5 5 6 4 0.00
5 5 6 5 0.00
5 5 6 6 0.00
5 6 0 0 0.00
5 6 0 1 23.69
5 6 0 2 40.04
5 6 0 3 35.04
5 6 0 4 103.18
5 6 0 5 64.18
5 6 0 6 31.90
5 6 1 0 20.12
5 6 1 1 0.00
5 6 1 2 43.23
5 6 1 3 74.81
5 6 1 4 31.87
5 6 1 5 56.91
5 6 1 6 28.65
5 6 2 0 70.61
5 6 2 1 54.37
5 6 2 2 0.00
5 6 2 3 68.19
5 6 2 4 32.58
5 6 2 5 46.52
5 6 2 6 43.61
5 6 3 0 60.39
5 6 3 1 40.73
5 6 3 2 48.96
5 6 3 3 0.00
5 6 3 4 26.15
5 6 3 5 37.05
5 6 3 6 38.07
5 6 4 0 59.62
5 6 4 1 42.99
5 6 4 2 35.86
5 6 4 3 52.60
5 6 4 4 0.00
5 6 4 5 93.74
5 6 4 6 40.23
5 6 5 0 50.02
5 6 5 1 52.40
5 6 5 2 25.95
5 6 5 3 39.95
5 6 5 4 40.54
5 6 5 5 0.00
5 6 5 6 49.00
5 6 6 0 33.76
5 6 6 1 28.81
5 6 6 2 83.59
5 6 6 3 28.86
5 6 6 4 50.83
5 6 6 5 57.71
5 6 6 6 0.00
6 0 0 0 0.00
6 0 0 1 32.56
6 0 0 2 57.07
6 0 0 3 22.38
6 0 0 4 41.75
6 0 0 5 65.46
6 0 0 6 16.67
6 0 1 0 19.47
6 0 1 1 0.00
6 0 1 2 37.31
6 0 1 3 53.67
6 0 1 4 19.27
6 0 1 5 45.35
6 0 1 6 22.00
6 0 2 0 35.55
6 0 2 1 16.88
6 0 2 2 0.00
6 0 2 3 50.01
6 0 2 4 23.51
6 0 2 5 23.73
6 0 2 6 16.88
6 0 3 0 23.94
6 0 3 1 21.65
6 0 3 2 67.54
6 0 3 3 0.00
6 0 3 4 25.96
6 0 3 5 17.54
6 0 3 6 58.02
6 0 4 0 43.19
6 0 4 1 44.92
6 0 4 2 27.63
6 0 4 3 57.89
6 0 4 4 0.00
6 0 4 5 35.57
6 0 4 6 20.20
6 0 5 0 36.13
6 0 5 1 36.79
6 0 5 2 23.73
6 0 5 3 30.03
6 0 5 4 21.44
6 0 5 5 0.00
6 0 5 6 23.48
6 0 6 0 25.00
6 0 6 1 32.85
6 0 6 2 38.89
6 0 6 3 28.35
6 0 6 4 56.08
6 0 6 5 38.16
6 0 6 6 0.00
6 1 0 0 0.00
6 1 0 1 39.17
6 1 0 2 57.92
6 1 0 3 41.64
6 1 0 4 79.97
6 1 0 5 73.81
6 1 0 6 27.53
6 1 1 0 33.75
6 1 1 1 0.00
6 1 1 2 72.69
6 1 1 3 75.49
6 1 1 4 57.65
6 1 1 5 96.75
6 1 1 6 21.43
6 1 2 0 109.32
6 1 2 1 51.55
6 1 2 2 0.00
6 1 2 3 61.18
6 1 2 4 25.02
6 1 2 5 48.59
6 1 2 6 53.30
6 1 3 0 56.87
6 1 3 1 36.71
6 1 3 2 75.18
6 1 3 3 0.00
6 1 3 4 44.09
6 1 3 5 28.31
6 1 3 6 51.94
6 1 4 0 94.90
6 1 4 1 67.06
6 1 4 2 28.31
6 1 4 3 60.93
6 1 4 4 0.00
6 1 4 5 77.62
6 1 4 6 32.25
6 1 5 0 59.60
6 1 5 1 77.98
6 1 5 2 64.68
6 1 5 3 48.90
6 1 5 4 23.53
6 1 5 5 0.00
6 1 5 6 34.78
6 1 6 0 17.39
6 1 6 1 64.00
6 1 6 2 66.87
6 1 6 3 72.85
6 1 6 4 87.77
6 1 6 5 80.54
6 1 6 6 0.00
6 2 0 0 0.00
6 2 0 1 39.83
6 2 0 2 102.38
6 2 0 3 47.13
6 2 0 4 119.86
6 2 0 5 160.64
6 2 0 6 76.44
6 2 1 0 60.60
6 2 1 1 0.00
6 2 1 2 61.87
6 2 1 3 114.05
6 2 1 4 83.37
6 2 1 5 79.19
6 2 1 6 56.98
6 2 2 0 157.42
6 2 2 1 77.75
6 2 2 2 0.00
6 2 2 3 92.69
6 2 2 4 54.44
6 2 2 5 57.21
6 2 2 6 59.13
6 2 3 0 84.63
6 2 3 1 67.92
6 2 3 2 110.59
6 2 3 3 0.00
6 2 3 4 50.92
6 2 3 5 66.06
6 2 3 6 68.27
6 2 4 0 84.95
6 2 4 1 71.85
6 2 4 2 50.55
6 2 4 3 166.15
6 2 4 4 0.00
6 2 4 5 102.04
6 2 4 6 49.35
6 2 5 0 137.51
6 2 5 1 100.09
6 2 5 2 73.39
6 2 5 3 114.21
6 2 5 4 31.97
6 2 5 5 0.00
6 2 5 6 54.94
6 2 6 0 31.26
6 2 6 1 70.69
6 2 6 2 169.00
6 2 6 3 110.92
6 2 6 4 140.69
6 2 6 5 124.66
6 2 6 6 0.00
6 3 0 0 0.00
6 3 0 1 49.68
6 3 0 2 95.80
6 3 0 3 53.50
6 3 0 4 92.78
6 3 0 5 56.43
6 3 0 6 32.41
6 3 1 0 34.15
6 3 1 1 0.00
6 3 1 2 73.94
6 3 1 3 125.05
6 3 1 4 68.53
6 3 1 5 99.80
6 3 1 6 45.71
6 3 2 0 63.81
6 3 2 1 39.02
6 3 2 2 0.00
6 3 2 3 59.01
6 3 2 4 52.65
6 3 2 5 50.51
6 3 2 6 36.88
6 3 3 0 86.27
6 3 3 1 64.46
6 3 3 2 87.85
6 3 3 3 0.00
6 3 3 4 45.71
6 3 3 5 42.24
6 3 3 6 57.85
6 3 4 0 59.81
6 3 4 1 54.26
6 3 4 2 63.38
6 3 4 3 65.79
6 3 4 4 0.00
6 3 4 5 100.01
6 3 4 6 45.25
6 3 5 0 86.30
6 3 5 1 114.72
6 3 5 2 82.95
6 3 5 3 109.62
6 3 5 4 35.22
6 3 5 5 0.00
6 3 5 6 42.77
6 3 6 0 42.62
6 3 6 1 51.28
6 3 6 2 91.55
6 3 6 3 100.00
6 3 6 4 88.05
6 3 6 5 46.42
6 3 6 6 0.00
6 4 0 0 0.00
6 4 0 1 49.06
6 4 0 2 135.65
6 4 0 3 55.28
6 4 0 4 173.92
6 4 0 5 89.20
6 4 0 6 36.36
6 4 1 0 29.53
6 4 1 1 0.00
6 4 1 2 91.33
6 4 1 3 75.40
6 4 1 4 89.42
6 4 1 5 157.83
6 4 1 6 30.92
6 4 2 0 155.55
6 4 2 1 59.42
6 4 2 2 0.00
6 4 2 3 53.81
6 4 2 4 60.47
6 4 2 5 41.03
6 4 2 6 73.23
6 4 3 0 84.08
6 4 3 1 81.13
6 4 3 2 124.77
6 4 3 3 0.00
6 4 3 4 64.17
6 4 3 5 42.61
6 4 3 6 76.65
6 4 4 0 96.88
6 4 4 1 103.94
6 4 4 2 41.62
6 4 4 3 114.46
6 4 4 4 0.00
6 4 4 5 133.84
6 4 4 6 49.44
6 4 5 0 108.80
6 4 5 1 92.12
6 4 5 2 45.57
6 4 5 3 108.65
6 4 5 4 69.11
6 4 5 5 0.00
6 4 5 6 37.93
6 4 6 0 40.01
6 4 6 1 65.95
6 4 6 2 144.00
6 4 6 3 111.21
6 4 6 4 144.00
6 4 6 5 109.61
6 4 6 6 0.00
6 5 0 0 0.00
6 5 0 1 74.66
6 5 0 2 72.73
6 5 0 3 57.45
6 5 0 4 147.01
6 5 0 5 131.84
6 5 0 6 35.87
6 5 1 0 53.36
6 5 1 1 0.00
6 5 1 2 83.54
6 5 1 3 102.17
6 5 1 4 69.76
6 5 1 5 75.22
6 5 1 6 33.89
6 5 2 0 67.97
6 5 2 1 68.32
6 5 2 2 0.00
6 5 2 3 56.99
6 5 2 4 41.53
6 5 2 5 48.50
6 5 2 6 57.66
6 5 3 0 46.01
6 5 3 1 34.66
6 5 3 2 119.28
6 5 3 3 0.00
6 5 3 4 31.53
6 5 3 5 45.04
6 5 3 6 53.96
6 5 4 0 70.39
6 5 4 1 72.77
6 5 4 2 83.22
6 5 4 3 94.16
6 5 4 4 0.00
6 5 4 5 133.78
6 5 4 6 35.84
6 5 5 0 102.85
6 5 5 1 69.09
6 5 5 2 63.69
6 5 5 3 129.18
6 5 5 4 28.07
6 5 5 5 0.00
6 5 5 6 40.58
6 5 6 0 23.50
6 5 6 1 75.19
6 5 6 2 86.53
6 5 6 3 106.22
6 5 6 4 65.01
6 5 6 5 121.00
6 5 6 6 0.00
6 6 0 0 0.00
6 6 0 1 0.00
6 6 0 2 0.00
6 6 0 3 0.00
6 6 0 4 0.00
6 6 0 5 0.00
6 6 0 6 0.00
6 6 1 0 0.00
6 6 1 1 0.00
6 6 1 2 0.00
6 6 1 3 0.00
6 6 1 4 0.00
6 6 1 5 0.00
6 6 1 6 0.00
6 6 2 0 0.00
6 6 2 1 0.00
6 6 2 2 0.00
6 6 2 3 0.00
6 6 2 4 0.00
6 6 2 5 0.00
6 6 2 6 0.00
6 6 3 0 0.00
6 6 3 1 0.00
6 6 3 2 0.00
6 6 3 3 0.00
6 6 3 4 0.00
6 6 3 5 0.00
6 6 3 6 0.00
6 6 4 0 0.00
6 6 4 1 0.00
6 6 4 2 0.00
6 6 4 3 0.00
6 6 4 4 0.00
6 6 4 5 0.00
6 6 4 6 0.00
6 6 5 0 0.00
6 6 5 1 0.00
6 6 5 2 0.00
6 6 5 3 0.00
6 6 5 4 0.00
6 6 5 5 0.00
6 6 5 6 0.00
6 6 6 0 0.00
6 6 6 1 0.00
6 6 6 2 0.00
6 6 6 3 0.00
6 6 6 4 0.00
6 6 6 5 0.00
6 6 6 6 0.00
