7

0 0 0.00 0.00
0 1 0.36 2.71
0 2 2.55 10.12
0 3 15.12 31.77
0 4 9.36 12.10
0 5 21.51 16.90
0 6 11.71 17.92
1 0 23.80 14.09
1 1 0.00 0.00
1 2 16.41 17.13
1 3 30.76 2.47
1 4 13.53 5.78
1 5 4.27 8.97
1 6 6.81 17.68
2 0 0.03 19.95
2 1 19.29 12.79
2 2 0.00 0.00
2 3 5.19 28.84
2 4 15.26 21.38
2 5 8.03 8.06
2 6 20.15 0.31
3 0 15.02 56.25
3 1 20.56 12.28
3 2 3.07 15.73
3 3 0.00 0.00
3 4 20.91 19.06
3 5 33.30 8.96
3 6 20.20 10.66
4 0 10.33 29.81
4 1 1.76 10.89
4 2 14.89 9.28
4 3 3.09 16.49
4 4 0.00 0.00
4 5 8.22 27.40
4 6 2.90 7.51
5 0 18.92 3.22
5 1 14.48 22.22
5 2 15.92 8.32
5 3 24.53 21.30
5 4 8.71 16.31
5 5 0.00 0.00
5 6 10.56 6.93
6 0 25.77 16.93
6 1 5.57 7.15
6 2 0.73 33.40
6 3 26.41 16.95
6 4 2.30 14.38
6 5 6.92 5.55
6 6 0.00 0.00