7

0 0 0 0 0.00
0 0 0 1 0.00
0 0 0 2 0.00
0 0 0 3 0.00
0 0 0 4 0.00
0 0 0 5 0.00
0 0 0 6 0.00
0 0 1 0 0.00
0 0 1 1 0.00
0 0 1 2 0.00
0 0 1 3 0.00
0 0 1 4 0.00
0 0 1 5 0.00
0 0 1 6 0.00
0 0 2 0 0.00
0 0 2 1 0.00
0 0 2 2 0.00
0 0 2 3 0.00
0 0 2 4 0.00
0 0 2 5 0.00
0 0 2 6 0.00
0 0 3 0 0.00
0 0 3 1 0.00
0 0 3 2 0.00
0 0 3 3 0.00
0 0 3 4 0.00
0 0 3 5 0.00
0 0 3 6 0.00
0 0 4 0 0.00
0 0 4 1 0.00
0 0 4 2 0.00
0 0 4 3 0.00
0 0 4 4 0.00
0 0 4 5 0.00
0 0 4 6 0.00
0 0 5 0 0.00
0 0 5 1 0.00
0 0 5 2 0.00
0 0 5 3 0.00
0 0 5 4 0.00
0 0 5 5 0.00
0 0 5 6 0.00
0 0 6 0 0.00
0 0 6 1 0.00
0 0 6 2 0.00
0 0 6 3 0.00
0 0 6 4 0.00
0 0 6 5 0.00
0 0 6 6 0.00
0 1 0 0 0.00
0 1 0 1 196.00
0 1 0 2 111.31
0 1 0 3 124.94
0 1 0 4 114.30
0 1 0 5 60.37
0 1 0 6 118.72
0 1 1 0 78.18
0 1 1 1 0.00
0 1 1 2 130.23
0 1 1 3 83.75
0 1 1 4 79.61
0 1 1 5 70.43
0 1 1 6 50.60
0 1 2 0 72.95
0 1 2 1 43.98
0 1 2 2 0.00
0 1 2 3 67.41
0 1 2 4 100.60
0 1 2 5 72.70
0 1 2 6 122.76
0 1 3 0 81.89
0 1 3 1 85.83
0 1 3 2 121.26
0 1 3 3 0.00
0 1 3 4 40.93
0 1 3 5 29.31
0 1 3 6 199.43
0 1 4 0 104.62
0 1 4 1 150.41
0 1 4 2 129.78
0 1 4 3 31.25
0 1 4 4 0.00
0 1 4 5 78.82
0 1 4 6 121.20
0 1 5 0 127.79
0 1 5 1 57.96
0 1 5 2 104.30
0 1 5 3 118.31
0 1 5 4 88.62
0 1 5 5 0.00
0 1 5 6 180.63
0 1 6 0 62.16
0 1 6 1 59.15
0 1 6 2 158.76
0 1 6 3 124.94
0 1 6 4 148.31
0 1 6 5 52.73
0 1 6 6 0.00
0 2 0 0 0.00
0 2 0 1 84.13
0 2 0 2 100.00
0 2 0 3 105.13
0 2 0 4 50.50
0 2 0 5 49.98
0 2 0 6 76.92
0 2 1 0 53.12
0 2 1 1 0.00
0 2 1 2 62.85
0 2 1 3 55.22
0 2 1 4 45.36
0 2 1 5 64.19
0 2 1 6 66.00
0 2 2 0 61.91
0 2 2 1 35.65
0 2 2 2 0.00
0 2 2 3 49.41
0 2 2 4 49.04
0 2 2 5 63.54
0 2 2 6 68.56
0 2 3 0 62.18
0 2 3 1 97.07
0 2 3 2 67.00
0 2 3 3 0.00
0 2 3 4 55.12
0 2 3 5 24.85
0 2 3 6 123.64
0 2 4 0 61.08
0 2 4 1 49.65
0 2 4 2 92.41
0 2 4 3 21.04
0 2 4 4 0.00
0 2 4 5 60.11
0 2 4 6 77.28
0 2 5 0 94.02
0 2 5 1 73.39
0 2 5 2 45.59
0 2 5 3 71.19
0 2 5 4 66.06
0 2 5 5 0.00
0 2 5 6 132.51
0 2 6 0 67.43
0 2 6 1 46.59
0 2 6 2 63.10
0 2 6 3 105.61
0 2 6 4 101.85
0 2 6 5 52.16
0 2 6 6 0.00
0 3 0 0 0.00
0 3 0 1 77.76
0 3 0 2 52.88
0 3 0 3 144.00
0 3 0 4 75.91
0 3 0 5 63.60
0 3 0 6 97.30
0 3 1 0 85.33
0 3 1 1 0.00
0 3 1 2 89.28
0 3 1 3 50.66
0 3 1 4 52.76
0 3 1 5 73.49
0 3 1 6 52.40
0 3 2 0 48.71
0 3 2 1 62.73
0 3 2 2 0.00
0 3 2 3 31.43
0 3 2 4 55.10
0 3 2 5 70.03
0 3 2 6 57.94
0 3 3 0 68.34
0 3 3 1 80.37
0 3 3 2 93.70
0 3 3 3 0.00
0 3 3 4 56.47
0 3 3 5 57.40
0 3 3 6 120.20
0 3 4 0 41.97
0 3 4 1 118.09
0 3 4 2 111.45
0 3 4 3 30.95
0 3 4 4 0.00
0 3 4 5 133.51
0 3 4 6 49.12
0 3 5 0 99.65
0 3 5 1 40.35
0 3 5 2 69.83
0 3 5 3 103.65
0 3 5 4 74.40
0 3 5 5 0.00
0 3 5 6 108.87
0 3 6 0 81.17
0 3 6 1 53.62
0 3 6 2 69.37
0 3 6 3 84.20
0 3 6 4 163.58
0 3 6 5 70.98
0 3 6 6 0.00
0 4 0 0 0.00
0 4 0 1 135.86
0 4 0 2 98.80
0 4 0 3 92.88
0 4 0 4 100.00
0 4 0 5 45.03
0 4 0 6 106.83
0 4 1 0 109.96
0 4 1 1 0.00
0 4 1 2 45.37
0 4 1 3 73.46
0 4 1 4 75.30
0 4 1 5 40.27
0 4 1 6 57.96
0 4 2 0 35.87
0 4 2 1 55.17
0 4 2 2 0.00
0 4 2 3 38.51
0 4 2 4 66.31
0 4 2 5 67.65
0 4 2 6 46.95
0 4 3 0 56.37
0 4 3 1 120.71
0 4 3 2 62.90
0 4 3 3 0.00
0 4 3 4 65.25
0 4 3 5 40.33
0 4 3 6 123.16
0 4 4 0 68.19
0 4 4 1 64.81
0 4 4 2 131.67
0 4 4 3 33.49
0 4 4 4 0.00
0 4 4 5 80.49
0 4 4 6 76.73
0 4 5 0 87.62
0 4 5 1 37.87
0 4 5 2 39.44
0 4 5 3 110.91
0 4 5 4 67.90
0 4 5 5 0.00
0 4 5 6 94.15
0 4 6 0 76.76
0 4 6 1 68.16
0 4 6 2 115.12
0 4 6 3 125.88
0 4 6 4 98.46
0 4 6 5 72.45
0 4 6 6 0.00
0 5 0 0 0.00
0 5 0 1 80.96
0 5 0 2 48.87
0 5 0 3 62.65
0 5 0 4 32.85
0 5 0 5 36.00
0 5 0 6 35.12
0 5 1 0 58.59
0 5 1 1 0.00
0 5 1 2 27.69
0 5 1 3 52.71
0 5 1 4 36.96
0 5 1 5 33.76
0 5 1 6 36.33
0 5 2 0 35.24
0 5 2 1 26.47
0 5 2 2 0.00
0 5 2 3 33.48
0 5 2 4 33.19
0 5 2 5 30.49
0 5 2 6 32.97
0 5 3 0 27.58
0 5 3 1 37.16
0 5 3 2 35.74
0 5 3 3 0.00
0 5 3 4 41.28
0 5 3 5 21.60
0 5 3 6 78.38
0 5 4 0 23.04
0 5 4 1 30.60
0 5 4 2 70.47
0 5 4 3 26.22
0 5 4 4 0.00
0 5 4 5 36.30
0 5 4 6 42.69
0 5 5 0 50.95
0 5 5 1 37.85
0 5 5 2 22.30
0 5 5 3 57.08
0 5 5 4 43.14
0 5 5 5 0.00
0 5 5 6 76.08
0 5 6 0 35.47
0 5 6 1 21.70
0 5 6 2 53.38
0 5 6 3 48.06
0 5 6 4 69.80
0 5 6 5 49.01
0 5 6 6 0.00
0 6 0 0 0.00
0 6 0 1 133.80
0 6 0 2 57.41
0 6 0 3 116.58
0 6 0 4 96.80
0 6 0 5 52.25
0 6 0 6 121.00
0 6 1 0 102.30
0 6 1 1 0.00
0 6 1 2 46.70
0 6 1 3 93.99
0 6 1 4 36.11
0 6 1 5 33.97
0 6 1 6 34.43
0 6 2 0 37.88
0 6 2 1 42.56
0 6 2 2 0.00
0 6 2 3 41.87
0 6 2 4 55.01
0 6 2 5 130.65
0 6 2 6 93.13
0 6 3 0 80.78
0 6 3 1 66.08
0 6 3 2 92.04
0 6 3 3 0.00
0 6 3 4 55.36
0 6 3 5 47.56
0 6 3 6 120.28
0 6 4 0 36.27
0 6 4 1 87.36
0 6 4 2 70.56
0 6 4 3 41.03
0 6 4 4 0.00
0 6 4 5 57.88
0 6 4 6 68.85
0 6 5 0 115.53
0 6 5 1 72.79
0 6 5 2 56.91
0 6 5 3 108.11
0 6 5 4 78.62
0 6 5 5 0.00
0 6 5 6 83.59
0 6 6 0 41.64
0 6 6 1 48.75
0 6 6 2 121.42
0 6 6 3 75.21
0 6 6 4 134.50
0 6 6 5 75.34
0 6 6 6 0.00
1 0 0 0 0.00
1 0 0 1 95.39
1 0 0 2 103.84
1 0 0 3 127.18
1 0 0 4 64.16
1 0 0 5 66.87
1 0 0 6 93.05
1 0 1 0 169.00
1 0 1 1 0.00
1 0 1 2 81.68
1 0 1 3 107.38
1 0 1 4 86.06
1 0 1 5 51.43
1 0 1 6 48.12
1 0 2 0 60.53
1 0 2 1 49.48
1 0 2 2 0.00
1 0 2 3 68.53
1 0 2 4 63.86
1 0 2 5 99.81
1 0 2 6 72.65
1 0 3 0 67.15
1 0 3 1 96.19
1 0 3 2 103.77
1 0 3 3 0.00
1 0 3 4 55.24
1 0 3 5 41.97
1 0 3 6 129.68
1 0 4 0 73.80
1 0 4 1 65.88
1 0 4 2 154.97
1 0 4 3 58.34
1 0 4 4 0.00
1 0 4 5 115.05
1 0 4 6 109.58
1 0 5 0 144.06
1 0 5 1 68.52
1 0 5 2 72.43
1 0 5 3 120.33
1 0 5 4 107.97
1 0 5 5 0.00
1 0 5 6 151.00
1 0 6 0 59.39
1 0 6 1 46.46
1 0 6 2 136.70
1 0 6 3 89.25
1 0 6 4 181.68
1 0 6 5 96.02
1 0 6 6 0.00
1 1 0 0 0.00
1 1 0 1 0.00
1 1 0 2 0.00
1 1 0 3 0.00
1 1 0 4 0.00
1 1 0 5 0.00
1 1 0 6 0.00
1 1 1 0 0.00
1 1 1 1 0.00
1 1 1 2 0.00
1 1 1 3 0.00
1 1 1 4 0.00
1 1 1 5 0.00
1 1 1 6 0.00
1 1 2 0 0.00
1 1 2 1 0.00
1 1 2 2 0.00
1 1 2 3 0.00
1 1 2 4 0.00
1 1 2 5 0.00
1 1 2 6 0.00
1 1 3 0 0.00
1 1 3 1 0.00
1 1 3 2 0.00
1 1 3 3 0.00
1 1 3 4 0.00
1 1 3 5 0.00
1 1 3 6 0.00
1 1 4 0 0.00
1 1 4 1 0.00
1 1 4 2 0.00
1 1 4 3 0.00
1 1 4 4 0.00
1 1 4 5 0.00
1 1 4 6 0.00
1 1 5 0 0.00
1 1 5 1 0.00
1 1 5 2 0.00
1 1 5 3 0.00
1 1 5 4 0.00
1 1 5 5 0.00
1 1 5 6 0.00
1 1 6 0 0.00
1 1 6 1 0.00
1 1 6 2 0.00
1 1 6 3 0.00
1 1 6 4 0.00
1 1 6 5 0.00
1 1 6 6 0.00
1 2 0 0 0.00
1 2 0 1 62.60
1 2 0 2 58.60
1 2 0 3 73.02
1 2 0 4 88.13
1 2 0 5 38.59
1 2 0 6 47.26
1 2 1 0 77.20
1 2 1 1 0.00
1 2 1 2 100.00
1 2 1 3 40.50
1 2 1 4 67.73
1 2 1 5 66.22
1 2 1 6 57.17
1 2 2 0 37.28
1 2 2 1 50.97
1 2 2 2 0.00
1 2 2 3 35.82
1 2 2 4 83.47
1 2 2 5 82.88
1 2 2 6 71.89
1 2 3 0 53.28
1 2 3 1 75.41
1 2 3 2 61.15
1 2 3 3 0.00
1 2 3 4 52.23
1 2 3 5 30.86
1 2 3 6 136.85
1 2 4 0 77.17
1 2 4 1 57.70
1 2 4 2 119.57
1 2 4 3 26.15
1 2 4 4 0.00
1 2 4 5 71.50
1 2 4 6 64.85
1 2 5 0 68.66
1 2 5 1 43.22
1 2 5 2 63.60
1 2 5 3 136.46
1 2 5 4 43.63
1 2 5 5 0.00
1 2 5 6 94.04
1 2 6 0 65.99
1 2 6 1 69.27
1 2 6 2 71.08
1 2 6 3 125.25
1 2 6 4 77.82
1 2 6 5 46.44
1 2 6 6 0.00
1 3 0 0 0.00
1 3 0 1 86.18
1 3 0 2 46.25
1 3 0 3 54.37
1 3 0 4 56.70
1 3 0 5 40.43
1 3 0 6 70.84
1 3 1 0 120.25
1 3 1 1 0.00
1 3 1 2 44.39
1 3 1 3 100.00
1 3 1 4 55.94
1 3 1 5 42.65
1 3 1 6 56.53
1 3 2 0 33.35
1 3 2 1 54.75
1 3 2 2 0.00
1 3 2 3 26.94
1 3 2 4 56.62
1 3 2 5 86.25
1 3 2 6 50.34
1 3 3 0 61.80
1 3 3 1 58.51
1 3 3 2 71.93
1 3 3 3 0.00
1 3 3 4 50.48
1 3 3 5 39.43
1 3 3 6 140.09
1 3 4 0 55.51
1 3 4 1 110.77
1 3 4 2 128.02
1 3 4 3 48.92
1 3 4 4 0.00
1 3 4 5 95.00
1 3 4 6 64.05
1 3 5 0 77.47
1 3 5 1 66.67
1 3 5 2 83.29
1 3 5 3 108.04
1 3 5 4 96.16
1 3 5 5 0.00
1 3 5 6 67.97
1 3 6 0 72.66
1 3 6 1 53.85
1 3 6 2 83.38
1 3 6 3 74.26
1 3 6 4 113.44
1 3 6 5 86.25
1 3 6 6 0.00
1 4 0 0 0.00
1 4 0 1 86.49
1 4 0 2 73.87
1 4 0 3 58.58
1 4 0 4 76.91
1 4 0 5 28.10
1 4 0 6 62.47
1 4 1 0 66.61
1 4 1 1 0.00
1 4 1 2 32.76
1 4 1 3 44.11
1 4 1 4 64.00
1 4 1 5 32.44
1 4 1 6 36.25
1 4 2 0 51.79
1 4 2 1 22.09
1 4 2 2 0.00
1 4 2 3 26.15
1 4 2 4 34.42
1 4 2 5 63.38
1 4 2 6 47.95
1 4 3 0 34.86
1 4 3 1 52.67
1 4 3 2 61.70
1 4 3 3 0.00
1 4 3 4 30.21
1 4 3 5 37.80
1 4 3 6 63.56
1 4 4 0 44.72
1 4 4 1 71.86
1 4 4 2 77.04
1 4 4 3 35.45
1 4 4 4 0.00
1 4 4 5 51.26
1 4 4 6 37.92
1 4 5 0 61.90
1 4 5 1 33.12
1 4 5 2 48.10
1 4 5 3 81.73
1 4 5 4 68.02
1 4 5 5 0.00
1 4 5 6 77.67
1 4 6 0 51.65
1 4 6 1 38.81
1 4 6 2 74.34
1 4 6 3 94.31
1 4 6 4 72.48
1 4 6 5 29.67
1 4 6 6 0.00
1 5 0 0 0.00
1 5 0 1 82.59
1 5 0 2 32.81
1 5 0 3 34.13
1 5 0 4 63.51
1 5 0 5 31.10
1 5 0 6 41.09
1 5 1 0 50.09
1 5 1 1 0.00
1 5 1 2 30.74
1 5 1 3 67.42
1 5 1 4 35.11
1 5 1 5 49.00
1 5 1 6 33.96
1 5 2 0 54.29
1 5 2 1 33.73
1 5 2 2 0.00
1 5 2 3 29.38
1 5 2 4 53.26
1 5 2 5 70.20
1 5 2 6 37.96
1 5 3 0 23.90
1 5 3 1 67.32
1 5 3 2 44.05
1 5 3 3 0.00
1 5 3 4 21.46
1 5 3 5 29.69
1 5 3 6 94.70
1 5 4 0 39.88
1 5 4 1 33.66
1 5 4 2 96.44
1 5 4 3 27.99
1 5 4 4 0.00
1 5 4 5 36.64
1 5 4 6 38.79
1 5 5 0 74.79
1 5 5 1 40.72
1 5 5 2 60.72
1 5 5 3 54.01
1 5 5 4 36.13
1 5 5 5 0.00
1 5 5 6 43.87
1 5 6 0 43.17
1 5 6 1 26.82
1 5 6 2 37.64
1 5 6 3 81.20
1 5 6 4 66.49
1 5 6 5 52.53
1 5 6 6 0.00
1 6 0 0 0.00
1 6 0 1 55.39
1 6 0 2 59.05
1 6 0 3 75.52
1 6 0 4 41.34
1 6 0 5 34.56
1 6 0 6 50.51
1 6 1 0 58.35
1 6 1 1 0.00
1 6 1 2 62.41
1 6 1 3 47.88
1 6 1 4 31.16
1 6 1 5 35.49
1 6 1 6 49.00
1 6 2 0 50.05
1 6 2 1 18.67
1 6 2 2 0.00
1 6 2 3 25.33
1 6 2 4 32.35
1 6 2 5 36.40
1 6 2 6 38.23
1 6 3 0 42.05
1 6 3 1 41.56
1 6 3 2 33.12
1 6 3 3 0.00
1 6 3 4 20.38
1 6 3 5 32.06
1 6 3 6 103.41
1 6 4 0 30.29
1 6 4 1 77.84
1 6 4 2 45.04
1 6 4 3 18.14
1 6 4 4 0.00
1 6 4 5 43.59
1 6 4 6 42.47
1 6 5 0 85.19
1 6 5 1 38.70
1 6 5 2 44.72
1 6 5 3 103.32
1 6 5 4 46.77
1 6 5 5 0.00
1 6 5 6 80.18
1 6 6 0 40.66
1 6 6 1 35.48
1 6 6 2 65.97
1 6 6 3 52.60
1 6 6 4 81.55
1 6 6 5 46.38
1 6 6 6 0.00
2 0 0 0 0.00
2 0 0 1 108.84
2 0 0 2 63.84
2 0 0 3 58.79
2 0 0 4 41.91
2 0 0 5 31.13
2 0 0 6 69.81
2 0 1 0 87.52
2 0 1 1 0.00
2 0 1 2 44.73
2 0 1 3 63.91
2 0 1 4 38.80
2 0 1 5 24.17
2 0 1 6 37.04
2 0 2 0 64.00
2 0 2 1 30.22
2 0 2 2 0.00
2 0 2 3 23.85
2 0 2 4 43.44
2 0 2 5 80.26
2 0 2 6 50.47
2 0 3 0 59.72
2 0 3 1 48.58
2 0 3 2 37.07
2 0 3 3 0.00
2 0 3 4 22.79
2 0 3 5 29.41
2 0 3 6 93.44
2 0 4 0 48.92
2 0 4 1 56.13
2 0 4 2 109.55
2 0 4 3 30.62
2 0 4 4 0.00
2 0 4 5 73.34
2 0 4 6 42.86
2 0 5 0 47.65
2 0 5 1 48.59
2 0 5 2 37.97
2 0 5 3 115.29
2 0 5 4 42.54
2 0 5 5 0.00
2 0 5 6 107.67
2 0 6 0 32.42
2 0 6 1 40.67
2 0 6 2 40.94
2 0 6 3 57.19
2 0 6 4 52.48
2 0 6 5 56.70
2 0 6 6 0.00
2 1 0 0 0.00
2 1 0 1 72.84
2 1 0 2 52.97
2 1 0 3 56.99
2 1 0 4 24.66
2 1 0 5 27.95
2 1 0 6 35.47
2 1 1 0 62.26
2 1 1 1 0.00
2 1 1 2 31.01
2 1 1 3 32.78
2 1 1 4 41.67
2 1 1 5 18.42
2 1 1 6 32.45
2 1 2 0 28.09
2 1 2 1 36.00
2 1 2 2 0.00
2 1 2 3 24.73
2 1 2 4 36.13
2 1 2 5 56.41
2 1 2 6 43.63
2 1 3 0 45.61
2 1 3 1 61.25
2 1 3 2 29.62
2 1 3 3 0.00
2 1 3 4 37.43
2 1 3 5 16.03
2 1 3 6 87.62
2 1 4 0 34.32
2 1 4 1 35.77
2 1 4 2 75.95
2 1 4 3 27.85
2 1 4 4 0.00
2 1 4 5 53.65
2 1 4 6 47.59
2 1 5 0 81.14
2 1 5 1 29.65
2 1 5 2 51.71
2 1 5 3 67.82
2 1 5 4 41.94
2 1 5 5 0.00
2 1 5 6 82.31
2 1 6 0 23.13
2 1 6 1 21.63
2 1 6 2 48.08
2 1 6 3 31.25
2 1 6 4 52.86
2 1 6 5 23.99
2 1 6 6 0.00
2 2 0 0 0.00
2 2 0 1 0.00
2 2 0 2 0.00
2 2 0 3 0.00
2 2 0 4 0.00
2 2 0 5 0.00
2 2 0 6 0.00
2 2 1 0 0.00
2 2 1 1 0.00
2 2 1 2 0.00
2 2 1 3 0.00
2 2 1 4 0.00
2 2 1 5 0.00
2 2 1 6 0.00
2 2 2 0 0.00
2 2 2 1 0.00
2 2 2 2 0.00
2 2 2 3 0.00
2 2 2 4 0.00
2 2 2 5 0.00
2 2 2 6 0.00
2 2 3 0 0.00
2 2 3 1 0.00
2 2 3 2 0.00
2 2 3 3 0.00
2 2 3 4 0.00
2 2 3 5 0.00
2 2 3 6 0.00
2 2 4 0 0.00
2 2 4 1 0.00
2 2 4 2 0.00
2 2 4 3 0.00
2 2 4 4 0.00
2 2 4 5 0.00
2 2 4 6 0.00
2 2 5 0 0.00
2 2 5 1 0.00
2 2 5 2 0.00
2 2 5 3 0.00
2 2 5 4 0.00
2 2 5 5 0.00
2 2 5 6 0.00
2 2 6 0 0.00
2 2 6 1 0.00
2 2 6 2 0.00
2 2 6 3 0.00
2 2 6 4 0.00
2 2 6 5 0.00
2 2 6 6 0.00
2 3 0 0 0.00
2 3 0 1 60.24
2 3 0 2 37.81
2 3 0 3 52.79
2 3 0 4 26.03
2 3 0 5 17.97
2 3 0 6 58.27
2 3 1 0 33.37
2 3 1 1 0.00
2 3 1 2 39.62
2 3 1 3 34.89
2 3 1 4 41.52
2 3 1 5 25.95
2 3 1 6 18.15
2 3 2 0 26.49
2 3 2 1 26.92
2 3 2 2 0.00
2 3 2 3 36.00
2 3 2 4 42.37
2 3 2 5 37.69
2 3 2 6 42.49
2 3 3 0 23.64
2 3 3 1 74.78
2 3 3 2 38.87
2 3 3 3 0.00
2 3 3 4 29.25
2 3 3 5 26.07
2 3 3 6 86.75
2 3 4 0 24.36
2 3 4 1 36.05
2 3 4 2 65.79
2 3 4 3 13.54
2 3 4 4 0.00
2 3 4 5 63.13
2 3 4 6 25.46
2 3 5 0 69.25
2 3 5 1 35.53
2 3 5 2 38.99
2 3 5 3 66.95
2 3 5 4 28.84
2 3 5 5 0.00
2 3 5 6 81.91
2 3 6 0 37.14
2 3 6 1 30.12
2 3 6 2 38.08
2 3 6 3 40.74
2 3 6 4 85.70
2 3 6 5 34.83
2 3 6 6 0.00
2 4 0 0 0.00
2 4 0 1 59.36
2 4 0 2 36.42
2 4 0 3 97.66
2 4 0 4 68.67
2 4 0 5 49.18
2 4 0 6 74.50
2 4 1 0 107.32
2 4 1 1 0.00
2 4 1 2 67.17
2 4 1 3 67.00
2 4 1 4 43.41
2 4 1 5 33.14
2 4 1 6 29.27
2 4 2 0 36.82
2 4 2 1 37.62
2 4 2 2 0.00
2 4 2 3 28.56
2 4 2 4 81.00
2 4 2 5 100.58
2 4 2 6 42.50
2 4 3 0 47.00
2 4 3 1 72.73
2 4 3 2 44.00
2 4 3 3 0.00
2 4 3 4 34.44
2 4 3 5 28.73
2 4 3 6 67.16
2 4 4 0 40.58
2 4 4 1 102.70
2 4 4 2 130.07
2 4 4 3 29.30
2 4 4 4 0.00
2 4 4 5 63.91
2 4 4 6 40.51
2 4 5 0 105.99
2 4 5 1 31.48
2 4 5 2 37.51
2 4 5 3 74.12
2 4 5 4 72.85
2 4 5 5 0.00
2 4 5 6 72.64
2 4 6 0 65.00
2 4 6 1 67.88
2 4 6 2 106.39
2 4 6 3 105.04
2 4 6 4 87.85
2 4 6 5 69.90
2 4 6 6 0.00
2 5 0 0 0.00
2 5 0 1 129.63
2 5 0 2 108.45
2 5 0 3 117.35
2 5 0 4 54.28
2 5 0 5 30.93
2 5 0 6 101.50
2 5 1 0 137.67
2 5 1 1 0.00
2 5 1 2 109.68
2 5 1 3 69.46
2 5 1 4 39.51
2 5 1 5 43.03
2 5 1 6 48.65
2 5 2 0 89.14
2 5 2 1 59.09
2 5 2 2 0.00
2 5 2 3 59.88
2 5 2 4 84.44
2 5 2 5 144.00
2 5 2 6 94.33
2 5 3 0 80.98
2 5 3 1 101.63
2 5 3 2 69.67
2 5 3 3 0.00
2 5 3 4 66.29
2 5 3 5 26.98
2 5 3 6 79.24
2 5 4 0 52.21
2 5 4 1 66.39
2 5 4 2 126.82
2 5 4 3 57.16
2 5 4 4 0.00
2 5 4 5 140.35
2 5 4 6 85.20
2 5 5 0 153.09
2 5 5 1 67.84
2 5 5 2 63.22
2 5 5 3 88.63
2 5 5 4 62.99
2 5 5 5 0.00
2 5 5 6 92.27
2 5 6 0 51.68
2 5 6 1 94.70
2 5 6 2 60.50
2 5 6 3 108.88
2 5 6 4 156.54
2 5 6 5 75.86
2 5 6 6 0.00
2 6 0 0 0.00
2 6 0 1 63.97
2 6 0 2 94.91
2 6 0 3 63.11
2 6 0 4 47.15
2 6 0 5 49.62
2 6 0 6 48.98
2 6 1 0 98.64
2 6 1 1 0.00
2 6 1 2 45.55
2 6 1 3 72.62
2 6 1 4 59.41
2 6 1 5 66.83
2 6 1 6 38.17
2 6 2 0 59.26
2 6 2 1 53.45
2 6 2 2 0.00
2 6 2 3 54.65
2 6 2 4 78.70
2 6 2 5 114.92
2 6 2 6 100.00
2 6 3 0 41.54
2 6 3 1 66.75
2 6 3 2 67.66
2 6 3 3 0.00
2 6 3 4 63.06
2 6 3 5 30.60
2 6 3 6 89.75
2 6 4 0 75.63
2 6 4 1 96.29
2 6 4 2 69.60
2 6 4 3 30.61
2 6 4 4 0.00
2 6 4 5 53.90
2 6 4 6 83.65
2 6 5 0 137.45
2 6 5 1 40.77
2 6 5 2 75.57
2 6 5 3 99.96
2 6 5 4 95.81
2 6 5 5 0.00
2 6 5 6 102.64
2 6 6 0 53.38
2 6 6 1 49.21
2 6 6 2 67.71
2 6 6 3 113.31
2 6 6 4 148.15
2 6 6 5 63.28
2 6 6 6 0.00
3 0 0 0 0.00
3 0 0 1 71.24
3 0 0 2 76.50
3 0 0 3 74.65
3 0 0 4 50.98
3 0 0 5 42.51
3 0 0 6 53.55
3 0 1 0 83.28
3 0 1 1 0.00
3 0 1 2 35.25
3 0 1 3 37.86
3 0 1 4 36.02
3 0 1 5 53.04
3 0 1 6 32.61
3 0 2 0 32.72
3 0 2 1 33.74
3 0 2 2 0.00
3 0 2 3 43.34
3 0 2 4 30.59
3 0 2 5 69.83
3 0 2 6 33.38
3 0 3 0 64.00
3 0 3 1 60.59
3 0 3 2 59.94
3 0 3 3 0.00
3 0 3 4 49.41
3 0 3 5 19.42
3 0 3 6 49.29
3 0 4 0 32.04
3 0 4 1 60.00
3 0 4 2 100.08
3 0 4 3 18.39
3 0 4 4 0.00
3 0 4 5 60.95
3 0 4 6 47.76
3 0 5 0 53.00
3 0 5 1 61.41
3 0 5 2 36.66
3 0 5 3 50.60
3 0 5 4 34.55
3 0 5 5 0.00
3 0 5 6 92.32
3 0 6 0 29.71
3 0 6 1 62.02
3 0 6 2 44.19
3 0 6 3 67.09
3 0 6 4 70.15
3 0 6 5 69.91
3 0 6 6 0.00
3 1 0 0 0.00
3 1 0 1 121.18
3 1 0 2 114.87
3 1 0 3 69.48
3 1 0 4 77.02
3 1 0 5 43.66
3 1 0 6 76.39
3 1 1 0 163.99
3 1 1 1 0.00
3 1 1 2 63.97
3 1 1 3 92.50
3 1 1 4 54.88
3 1 1 5 64.17
3 1 1 6 72.16
3 1 2 0 91.70
3 1 2 1 73.63
3 1 2 2 0.00
3 1 2 3 35.89
3 1 2 4 74.73
3 1 2 5 137.51
3 1 2 6 126.69
3 1 3 0 49.56
3 1 3 1 169.00
3 1 3 2 58.00
3 1 3 3 0.00
3 1 3 4 77.42
3 1 3 5 50.34
3 1 3 6 137.90
3 1 4 0 69.28
3 1 4 1 132.58
3 1 4 2 103.35
3 1 4 3 42.44
3 1 4 4 0.00
3 1 4 5 107.31
3 1 4 6 78.23
3 1 5 0 147.89
3 1 5 1 60.70
3 1 5 2 79.28
3 1 5 3 88.50
3 1 5 4 119.48
3 1 5 5 0.00
3 1 5 6 167.61
3 1 6 0 103.67
3 1 6 1 42.80
3 1 6 2 154.22
3 1 6 3 118.07
3 1 6 4 189.40
3 1 6 5 84.42
3 1 6 6 0.00
3 2 0 0 0.00
3 2 0 1 81.28
3 2 0 2 64.11
3 2 0 3 57.20
3 2 0 4 82.50
3 2 0 5 36.65
3 2 0 6 49.03
3 2 1 0 111.17
3 2 1 1 0.00
3 2 1 2 64.95
3 2 1 3 88.74
3 2 1 4 57.66
3 2 1 5 60.25
3 2 1 6 34.34
3 2 2 0 50.04
3 2 2 1 29.52
3 2 2 2 0.00
3 2 2 3 31.45
3 2 2 4 73.64
3 2 2 5 52.03
3 2 2 6 46.25
3 2 3 0 49.08
3 2 3 1 54.68
3 2 3 2 81.00
3 2 3 3 0.00
3 2 3 4 47.38
3 2 3 5 41.55
3 2 3 6 80.19
3 2 4 0 40.25
3 2 4 1 94.49
3 2 4 2 108.35
3 2 4 3 33.60
3 2 4 4 0.00
3 2 4 5 67.30
3 2 4 6 66.17
3 2 5 0 83.98
3 2 5 1 61.82
3 2 5 2 76.64
3 2 5 3 111.58
3 2 5 4 57.31
3 2 5 5 0.00
3 2 5 6 109.70
3 2 6 0 46.62
3 2 6 1 53.52
3 2 6 2 53.23
3 2 6 3 62.21
3 2 6 4 75.88
3 2 6 5 40.58
3 2 6 6 0.00
3 3 0 0 0.00
3 3 0 1 0.00
3 3 0 2 0.00
3 3 0 3 0.00
3 3 0 4 0.00
3 3 0 5 0.00
3 3 0 6 0.00
3 3 1 0 0.00
3 3 1 1 0.00
3 3 1 2 0.00
3 3 1 3 0.00
3 3 1 4 0.00
3 3 1 5 0.00
3 3 1 6 0.00
3 3 2 0 0.00
3 3 2 1 0.00
3 3 2 2 0.00
3 3 2 3 0.00
3 3 2 4 0.00
3 3 2 5 0.00
3 3 2 6 0.00
3 3 3 0 0.00
3 3 3 1 0.00
3 3 3 2 0.00
3 3 3 3 0.00
3 3 3 4 0.00
3 3 3 5 0.00
3 3 3 6 0.00
3 3 4 0 0.00
3 3 4 1 0.00
3 3 4 2 0.00
3 3 4 3 0.00
3 3 4 4 0.00
3 3 4 5 0.00
3 3 4 6 0.00
3 3 5 0 0.00
3 3 5 1 0.00
3 3 5 2 0.00
3 3 5 3 0.00
3 3 5 4 0.00
3 3 5 5 0.00
3 3 5 6 0.00
3 3 6 0 0.00
3 3 6 1 0.00
3 3 6 2 0.00
3 3 6 3 0.00
3 3 6 4 0.00
3 3 6 5 0.00
3 3 6 6 0.00
3 4 0 0 0.00
3 4 0 1 75.46
3 4 0 2 39.46
3 4 0 3 35.02
3 4 0 4 30.38
3 4 0 5 16.90
3 4 0 6 49.28
3 4 1 0 46.61
3 4 1 1 0.00
3 4 1 2 51.81
3 4 1 3 31.55
3 4 1 4 45.02
3 4 1 5 37.28
3 4 1 6 37.54
3 4 2 0 45.14
3 4 2 1 39.24
3 4 2 2 0.00
3 4 2 3 21.05
3 4 2 4 59.09
3 4 2 5 48.30
3 4 2 6 65.14
3 4 3 0 45.01
3 4 3 1 66.18
3 4 3 2 30.50
3 4 3 3 0.00
3 4 3 4 49.00
3 4 3 5 28.98
3 4 3 6 61.86
3 4 4 0 46.28
3 4 4 1 35.30
3 4 4 2 78.19
3 4 4 3 19.50
3 4 4 4 0.00
3 4 4 5 82.86
3 4 4 6 49.61
3 4 5 0 54.25
3 4 5 1 24.07
3 4 5 2 57.68
3 4 5 3 68.59
3 4 5 4 35.29
3 4 5 5 0.00
3 4 5 6 88.77
3 4 6 0 32.27
3 4 6 1 50.34
3 4 6 2 41.95
3 4 6 3 88.37
3 4 6 4 82.81
3 4 6 5 30.29
3 4 6 6 0.00
3 5 0 0 0.00
3 5 0 1 41.81
3 5 0 2 29.82
3 5 0 3 28.23
3 5 0 4 47.05
3 5 0 5 29.36
3 5 0 6 53.04
3 5 1 0 40.59
3 5 1 1 0.00
3 5 1 2 38.78
3 5 1 3 42.60
3 5 1 4 17.96
3 5 1 5 15.11
3 5 1 6 15.77
3 5 2 0 20.81
3 5 2 1 17.11
3 5 2 2 0.00
3 5 2 3 15.01
3 5 2 4 31.71
3 5 2 5 55.87
3 5 2 6 40.16
3 5 3 0 25.46
3 5 3 1 36.37
3 5 3 2 28.06
3 5 3 3 0.00
3 5 3 4 33.11
3 5 3 5 25.00
3 5 3 6 42.31
3 5 4 0 18.42
3 5 4 1 48.77
3 5 4 2 40.02
3 5 4 3 10.27
3 5 4 4 0.00
3 5 4 5 48.80
3 5 4 6 24.98
3 5 5 0 48.80
3 5 5 1 35.08
3 5 5 2 40.95
3 5 5 3 57.23
3 5 5 4 30.61
3 5 5 5 0.00
3 5 5 6 43.80
3 5 6 0 43.30
3 5 6 1 17.29
3 5 6 2 55.33
3 5 6 3 35.00
3 5 6 4 33.71
3 5 6 5 37.64
3 5 6 6 0.00
3 6 0 0 0.00
3 6 0 1 200.50
3 6 0 2 97.92
3 6 0 3 177.31
3 6 0 4 61.80
3 6 0 5 55.26
3 6 0 6 113.25
3 6 1 0 86.44
3 6 1 1 0.00
3 6 1 2 116.43
3 6 1 3 134.23
3 6 1 4 101.34
3 6 1 5 92.84
3 6 1 6 90.86
3 6 2 0 60.87
3 6 2 1 48.85
3 6 2 2 0.00
3 6 2 3 37.07
3 6 2 4 55.54
3 6 2 5 122.80
3 6 2 6 135.94
3 6 3 0 55.26
3 6 3 1 169.47
3 6 3 2 132.22
3 6 3 3 0.00
3 6 3 4 96.01
3 6 3 5 42.72
3 6 3 6 225.00
3 6 4 0 78.74
3 6 4 1 111.31
3 6 4 2 128.69
3 6 4 3 62.20
3 6 4 4 0.00
3 6 4 5 107.97
3 6 4 6 126.36
3 6 5 0 150.67
3 6 5 1 88.06
3 6 5 2 125.22
3 6 5 3 157.40
3 6 5 4 143.27
3 6 5 5 0.00
3 6 5 6 184.88
3 6 6 0 74.74
3 6 6 1 77.11
3 6 6 2 143.70
3 6 6 3 163.36
3 6 6 4 198.13
3 6 6 5 127.59
3 6 6 6 0.00
4 0 0 0 0.00
4 0 0 1 110.18
4 0 0 2 54.91
4 0 0 3 71.36
4 0 0 4 34.03
4 0 0 5 47.01
4 0 0 6 42.70
4 0 1 0 50.02
4 0 1 1 0.00
4 0 1 2 55.29
4 0 1 3 48.87
4 0 1 4 38.17
4 0 1 5 53.55
4 0 1 6 28.00
4 0 2 0 61.26
4 0 2 1 42.74
4 0 2 2 0.00
4 0 2 3 34.98
4 0 2 4 33.07
4 0 2 5 82.68
4 0 2 6 52.47
4 0 3 0 36.92
4 0 3 1 79.42
4 0 3 2 38.16
4 0 3 3 0.00
4 0 3 4 31.46
4 0 3 5 34.32
4 0 3 6 87.87
4 0 4 0 64.00
4 0 4 1 45.61
4 0 4 2 52.23
4 0 4 3 39.05
4 0 4 4 0.00
4 0 4 5 77.89
4 0 4 6 36.00
4 0 5 0 69.81
4 0 5 1 28.18
4 0 5 2 51.98
4 0 5 3 60.41
4 0 5 4 78.20
4 0 5 5 0.00
4 0 5 6 58.15
4 0 6 0 59.85
4 0 6 1 33.88
4 0 6 2 64.36
4 0 6 3 79.96
4 0 6 4 54.79
4 0 6 5 54.57
4 0 6 6 0.00
4 1 0 0 0.00
4 1 0 1 164.95
4 1 0 2 116.15
4 1 0 3 106.99
4 1 0 4 110.04
4 1 0 5 32.72
4 1 0 6 77.37
4 1 1 0 121.18
4 1 1 1 0.00
4 1 1 2 49.19
4 1 1 3 85.64
4 1 1 4 90.56
4 1 1 5 64.13
4 1 1 6 77.00
4 1 2 0 81.09
4 1 2 1 62.75
4 1 2 2 0.00
4 1 2 3 66.31
4 1 2 4 78.91
4 1 2 5 131.68
4 1 2 6 68.23
4 1 3 0 56.03
4 1 3 1 103.79
4 1 3 2 81.16
4 1 3 3 0.00
4 1 3 4 66.68
4 1 3 5 55.33
4 1 3 6 98.33
4 1 4 0 94.16
4 1 4 1 144.00
4 1 4 2 72.68
4 1 4 3 55.10
4 1 4 4 0.00
4 1 4 5 122.04
4 1 4 6 90.13
4 1 5 0 82.53
4 1 5 1 90.02
4 1 5 2 97.72
4 1 5 3 95.54
4 1 5 4 104.10
4 1 5 5 0.00
4 1 5 6 163.61
4 1 6 0 95.13
4 1 6 1 54.45
4 1 6 2 126.76
4 1 6 3 62.88
4 1 6 4 80.02
4 1 6 5 66.83
4 1 6 6 0.00
4 2 0 0 0.00
4 2 0 1 117.51
4 2 0 2 87.70
4 2 0 3 104.57
4 2 0 4 91.42
4 2 0 5 41.20
4 2 0 6 76.85
4 2 1 0 192.99
4 2 1 1 0.00
4 2 1 2 140.82
4 2 1 3 84.27
4 2 1 4 62.37
4 2 1 5 97.64
4 2 1 6 102.15
4 2 2 0 87.74
4 2 2 1 75.97
4 2 2 2 0.00
4 2 2 3 43.83
4 2 2 4 106.36
4 2 2 5 175.55
4 2 2 6 61.36
4 2 3 0 102.61
4 2 3 1 165.82
4 2 3 2 113.53
4 2 3 3 0.00
4 2 3 4 102.68
4 2 3 5 38.17
4 2 3 6 128.68
4 2 4 0 98.41
4 2 4 1 97.66
4 2 4 2 225.00
4 2 4 3 61.29
4 2 4 4 0.00
4 2 4 5 138.70
4 2 4 6 79.33
4 2 5 0 93.06
4 2 5 1 78.49
4 2 5 2 91.28
4 2 5 3 109.67
4 2 5 4 84.02
4 2 5 5 0.00
4 2 5 6 171.47
4 2 6 0 83.83
4 2 6 1 114.46
4 2 6 2 133.19
4 2 6 3 93.76
4 2 6 4 193.79
4 2 6 5 69.36
4 2 6 6 0.00
4 3 0 0 0.00
4 3 0 1 42.40
4 3 0 2 43.20
4 3 0 3 46.90
4 3 0 4 43.58
4 3 0 5 28.27
4 3 0 6 44.86
4 3 1 0 31.68
4 3 1 1 0.00
4 3 1 2 26.69
4 3 1 3 26.51
4 3 1 4 29.00
4 3 1 5 23.20
4 3 1 6 23.56
4 3 2 0 35.78
4 3 2 1 25.94
4 3 2 2 0.00
4 3 2 3 23.22
4 3 2 4 41.72
4 3 2 5 36.04
4 3 2 6 35.63
4 3 3 0 20.91
4 3 3 1 33.99
4 3 3 2 42.70
4 3 3 3 0.00
4 3 3 4 19.84
4 3 3 5 17.06
4 3 3 6 43.06
4 3 4 0 27.43
4 3 4 1 38.40
4 3 4 2 60.60
4 3 4 3 25.00
4 3 4 4 0.00
4 3 4 5 44.45
4 3 4 6 39.45
4 3 5 0 49.22
4 3 5 1 35.08
4 3 5 2 28.16
4 3 5 3 52.29
4 3 5 4 40.13
4 3 5 5 0.00
4 3 5 6 37.05
4 3 6 0 37.02
4 3 6 1 38.12
4 3 6 2 37.14
4 3 6 3 57.13
4 3 6 4 72.41
4 3 6 5 19.60
4 3 6 6 0.00
4 4 0 0 0.00
4 4 0 1 0.00
4 4 0 2 0.00
4 4 0 3 0.00
4 4 0 4 0.00
4 4 0 5 0.00
4 4 0 6 0.00
4 4 1 0 0.00
4 4 1 1 0.00
4 4 1 2 0.00
4 4 1 3 0.00
4 4 1 4 0.00
4 4 1 5 0.00
4 4 1 6 0.00
4 4 2 0 0.00
4 4 2 1 0.00
4 4 2 2 0.00
4 4 2 3 0.00
4 4 2 4 0.00
4 4 2 5 0.00
4 4 2 6 0.00
4 4 3 0 0.00
4 4 3 1 0.00
4 4 3 2 0.00
4 4 3 3 0.00
4 4 3 4 0.00
4 4 3 5 0.00
4 4 3 6 0.00
4 4 4 0 0.00
4 4 4 1 0.00
4 4 4 2 0.00
4 4 4 3 0.00
4 4 4 4 0.00
4 4 4 5 0.00
4 4 4 6 0.00
4 4 5 0 0.00
4 4 5 1 0.00
4 4 5 2 0.00
4 4 5 3 0.00
4 4 5 4 0.00
4 4 5 5 0.00
4 4 5 6 0.00
4 4 6 0 0.00
4 4 6 1 0.00
4 4 6 2 0.00
4 4 6 3 0.00
4 4 6 4 0.00
4 4 6 5 0.00
4 4 6 6 0.00
4 5 0 0 0.00
4 5 0 1 105.30
4 5 0 2 66.18
4 5 0 3 90.91
4 5 0 4 60.90
4 5 0 5 63.08
4 5 0 6 63.26
4 5 1 0 98.25
4 5 1 1 0.00
4 5 1 2 110.07
4 5 1 3 60.89
4 5 1 4 52.61
4 5 1 5 63.51
4 5 1 6 41.54
4 5 2 0 94.28
4 5 2 1 33.20
4 5 2 2 0.00
4 5 2 3 46.51
4 5 2 4 51.69
4 5 2 5 104.26
4 5 2 6 85.59
4 5 3 0 72.59
4 5 3 1 139.92
4 5 3 2 87.30
4 5 3 3 0.00
4 5 3 4 69.06
4 5 3 5 32.36
4 5 3 6 142.10
4 5 4 0 73.59
4 5 4 1 82.26
4 5 4 2 161.68
4 5 4 3 29.39
4 5 4 4 0.00
4 5 4 5 144.00
4 5 4 6 58.57
4 5 5 0 108.04
4 5 5 1 54.45
4 5 5 2 65.15
4 5 5 3 129.90
4 5 5 4 50.89
4 5 5 5 0.00
4 5 5 6 127.05
4 5 6 0 104.96
4 5 6 1 87.27
4 5 6 2 114.23
4 5 6 3 74.18
4 5 6 4 121.28
4 5 6 5 66.28
4 5 6 6 0.00
4 6 0 0 0.00
4 6 0 1 115.43
4 6 0 2 87.50
4 6 0 3 60.86
4 6 0 4 71.19
4 6 0 5 49.56
4 6 0 6 79.13
4 6 1 0 113.09
4 6 1 1 0.00
4 6 1 2 56.17
4 6 1 3 47.65
4 6 1 4 43.70
4 6 1 5 46.76
4 6 1 6 55.68
4 6 2 0 64.20
4 6 2 1 41.77
4 6 2 2 0.00
4 6 2 3 29.03
4 6 2 4 70.89
4 6 2 5 71.95
4 6 2 6 79.61
4 6 3 0 64.13
4 6 3 1 61.98
4 6 3 2 79.58
4 6 3 3 0.00
4 6 3 4 25.69
4 6 3 5 31.73
4 6 3 6 80.14
4 6 4 0 47.73
4 6 4 1 79.60
4 6 4 2 112.28
4 6 4 3 36.17
4 6 4 4 0.00
4 6 4 5 64.21
4 6 4 6 81.00
4 6 5 0 92.12
4 6 5 1 57.68
4 6 5 2 42.55
4 6 5 3 121.63
4 6 5 4 88.58
4 6 5 5 0.00
4 6 5 6 117.20
4 6 6 0 74.75
4 6 6 1 47.78
4 6 6 2 50.36
4 6 6 3 92.29
4 6 6 4 87.43
4 6 6 5 74.85
4 6 6 6 0.00
5 0 0 0 0.00
5 0 0 1 150.29
5 0 0 2 57.98
5 0 0 3 69.47
5 0 0 4 94.62
5 0 0 5 66.41
5 0 0 6 99.41
5 0 1 0 127.24
5 0 1 1 0.00
5 0 1 2 98.63
5 0 1 3 83.27
5 0 1 4 61.02
5 0 1 5 89.20
5 0 1 6 88.51
5 0 2 0 66.45
5 0 2 1 39.02
5 0 2 2 0.00
5 0 2 3 62.28
5 0 2 4 94.99
5 0 2 5 128.65
5 0 2 6 135.09
5 0 3 0 95.88
5 0 3 1 125.61
5 0 3 2 63.52
5 0 3 3 0.00
5 0 3 4 56.84
5 0 3 5 64.15
5 0 3 6 88.81
5 0 4 0 76.69
5 0 4 1 162.92
5 0 4 2 185.99
5 0 4 3 28.65
5 0 4 4 0.00
5 0 4 5 138.86
5 0 4 6 113.98
5 0 5 0 196.00
5 0 5 1 94.57
5 0 5 2 90.07
5 0 5 3 127.14
5 0 5 4 81.44
5 0 5 5 0.00
5 0 5 6 134.17
5 0 6 0 117.94
5 0 6 1 69.20
5 0 6 2 72.52
5 0 6 3 100.99
5 0 6 4 127.27
5 0 6 5 60.94
5 0 6 6 0.00
5 1 0 0 0.00
5 1 0 1 90.62
5 1 0 2 61.70
5 1 0 3 80.08
5 1 0 4 35.65
5 1 0 5 40.36
5 1 0 6 39.54
5 1 1 0 72.09
5 1 1 1 0.00
5 1 1 2 44.46
5 1 1 3 48.97
5 1 1 4 60.25
5 1 1 5 30.02
5 1 1 6 54.77
5 1 2 0 61.17
5 1 2 1 34.34
5 1 2 2 0.00
5 1 2 3 37.69
5 1 2 4 70.13
5 1 2 5 67.41
5 1 2 6 67.57
5 1 3 0 45.61
5 1 3 1 91.89
5 1 3 2 63.91
5 1 3 3 0.00
5 1 3 4 42.02
5 1 3 5 21.70
5 1 3 6 62.72
5 1 4 0 54.28
5 1 4 1 48.06
5 1 4 2 116.48
5 1 4 3 34.51
5 1 4 4 0.00
5 1 4 5 58.16
5 1 4 6 58.15
5 1 5 0 65.51
5 1 5 1 64.00
5 1 5 2 43.12
5 1 5 3 109.89
5 1 5 4 76.51
5 1 5 5 0.00
5 1 5 6 60.02
5 1 6 0 44.37
5 1 6 1 51.17
5 1 6 2 72.16
5 1 6 3 44.20
5 1 6 4 68.50
5 1 6 5 57.87
5 1 6 6 0.00
5 2 0 0 0.00
5 2 0 1 54.56
5 2 0 2 37.55
5 2 0 3 80.60
5 2 0 4 68.34
5 2 0 5 52.10
5 2 0 6 73.86
5 2 1 0 91.47
5 2 1 1 0.00
5 2 1 2 69.41
5 2 1 3 88.03
5 2 1 4 46.27
5 2 1 5 48.86
5 2 1 6 27.64
5 2 2 0 43.15
5 2 2 1 47.55
5 2 2 2 0.00
5 2 2 3 52.72
5 2 2 4 52.75
5 2 2 5 79.43
5 2 2 6 56.20
5 2 3 0 39.51
5 2 3 1 58.13
5 2 3 2 66.65
5 2 3 3 0.00
5 2 3 4 37.07
5 2 3 5 26.68
5 2 3 6 91.49
5 2 4 0 54.42
5 2 4 1 62.96
5 2 4 2 56.85
5 2 4 3 41.01
5 2 4 4 0.00
5 2 4 5 73.13
5 2 4 6 71.54
5 2 5 0 72.12
5 2 5 1 62.76
5 2 5 2 81.00
5 2 5 3 76.36
5 2 5 4 75.48
5 2 5 5 0.00
5 2 5 6 115.20
5 2 6 0 59.98
5 2 6 1 48.98
5 2 6 2 65.26
5 2 6 3 60.00
5 2 6 4 104.56
5 2 6 5 37.87
5 2 6 6 0.00
5 3 0 0 0.00
5 3 0 1 170.48
5 3 0 2 81.63
5 3 0 3 174.44
5 3 0 4 82.70
5 3 0 5 57.24
5 3 0 6 134.13
5 3 1 0 150.67
5 3 1 1 0.00
5 3 1 2 87.11
5 3 1 3 97.83
5 3 1 4 88.04
5 3 1 5 44.05
5 3 1 6 67.16
5 3 2 0 109.22
5 3 2 1 80.09
5 3 2 2 0.00
5 3 2 3 56.51
5 3 2 4 104.58
5 3 2 5 134.49
5 3 2 6 123.85
5 3 3 0 114.52
5 3 3 1 178.62
5 3 3 2 63.06
5 3 3 3 0.00
5 3 3 4 85.80
5 3 3 5 71.22
5 3 3 6 171.53
5 3 4 0 51.75
5 3 4 1 175.49
5 3 4 2 103.37
5 3 4 3 44.01
5 3 4 4 0.00
5 3 4 5 113.44
5 3 4 6 117.02
5 3 5 0 122.21
5 3 5 1 65.88
5 3 5 2 98.70
5 3 5 3 225.00
5 3 5 4 89.50
5 3 5 5 0.00
5 3 5 6 151.85
5 3 6 0 56.70
5 3 6 1 100.96
5 3 6 2 138.02
5 3 6 3 174.28
5 3 6 4 208.07
5 3 6 5 120.74
5 3 6 6 0.00
5 4 0 0 0.00
5 4 0 1 113.85
5 4 0 2 93.99
5 4 0 3 66.56
5 4 0 4 50.35
5 4 0 5 53.28
5 4 0 6 95.75
5 4 1 0 77.96
5 4 1 1 0.00
5 4 1 2 72.74
5 4 1 3 50.72
5 4 1 4 37.23
5 4 1 5 33.75
5 4 1 6 67.55
5 4 2 0 47.16
5 4 2 1 59.05
5 4 2 2 0.00
5 4 2 3 29.46
5 4 2 4 61.56
5 4 2 5 64.86
5 4 2 6 70.16
5 4 3 0 72.08
5 4 3 1 57.72
5 4 3 2 56.65
5 4 3 3 0.00
5 4 3 4 40.52
5 4 3 5 23.40
5 4 3 6 139.20
5 4 4 0 71.87
5 4 4 1 89.94
5 4 4 2 73.80
5 4 4 3 35.39
5 4 4 4 0.00
5 4 4 5 110.63
5 4 4 6 66.65
5 4 5 0 136.35
5 4 5 1 42.25
5 4 5 2 43.42
5 4 5 3 134.06
5 4 5 4 100.00
5 4 5 5 0.00
5 4 5 6 107.07
5 4 6 0 73.66
5 4 6 1 39.62
5 4 6 2 107.62
5 4 6 3 128.67
5 4 6 4 144.15
5 4 6 5 37.40
5 4 6 6 0.00
5 5 0 0 0.00
5 5 0 1 0.00
5 5 0 2 0.00
5 5 0 3 0.00
5 5 0 4 0.00
5 5 0 5 0.00
5 5 0 6 0.00
5 5 1 0 0.00
5 5 1 1 0.00
5 5 1 2 0.00
5 5 1 3 0.00
5 5 1 4 0.00
5 5 1 5 0.00
5 5 1 6 0.00
5 5 2 0 0.00
5 5 2 1 0.00
5 5 2 2 0.00
5 5 2 3 0.00
5 5 2 4 0.00
5 5 2 5 0.00
5 5 2 6 0.00
5 5 3 0 0.00
5 5 3 1 0.00
5 5 3 2 0.00
5 5 3 3 0.00
5 5 3 4 0.00
5 5 3 5 0.00
5 5 3 6 0.00
5 5 4 0 0.00
5 5 4 1 0.00
5 5 4 2 0.00
5 5 4 3 0.00
5 5 4 4 0.00
5 5 4 5 0.00
5 5 4 6 0.00
5 5 5 0 0.00
5 5 5 1 0.00
5 5 5 2 0.00
5 5 5 3 0.00
5 5 5 4 0.00
5 5 5 5 0.00
5 5 5 6 0.00
5 5 6 0 0.00
5 5 6 1 0.00
5 5 6 2 0.00
5 5 6 3 0.00
5 5 6 4 0.00
5 5 6 5 0.00
5 5 6 6 0.00
5 6 0 0 0.00
5 6 0 1 81.97
5 6 0 2 135.22
5 6 0 3 92.28
5 6 0 4 115.15
5 6 0 5 72.88
5 6 0 6 120.64
5 6 1 0 162.66
5 6 1 1 0.00
5 6 1 2 113.37
5 6 1 3 92.72
5 6 1 4 75.47
5 6 1 5 46.45
5 6 1 6 93.91
5 6 2 0 50.10
5 6 2 1 73.05
5 6 2 2 0.00
5 6 2 3 71.14
5 6 2 4 89.33
5 6 2 5 79.67
5 6 2 6 88.31
5 6 3 0 98.37
5 6 3 1 119.75
5 6 3 2 50.95
5 6 3 3 0.00
5 6 3 4 60.30
5 6 3 5 61.56
5 6 3 6 115.03
5 6 4 0 55.11
5 6 4 1 149.22
5 6 4 2 205.97
5 6 4 3 59.13
5 6 4 4 0.00
5 6 4 5 93.14
5 6 4 6 95.21
5 6 5 0 103.90
5 6 5 1 103.34
5 6 5 2 59.49
5 6 5 3 179.61
5 6 5 4 107.86
5 6 5 5 0.00
5 6 5 6 196.00
5 6 6 0 96.70
5 6 6 1 106.10
5 6 6 2 141.49
5 6 6 3 93.80
5 6 6 4 108.14
5 6 6 5 88.93
5 6 6 6 0.00
6 0 0 0 0.00
6 0 0 1 81.99
6 0 0 2 85.73
6 0 0 3 61.63
6 0 0 4 86.97
6 0 0 5 29.90
6 0 0 6 76.17
6 0 1 0 64.51
6 0 1 1 0.00
6 0 1 2 51.90
6 0 1 3 77.88
6 0 1 4 32.92
6 0 1 5 26.59
6 0 1 6 41.57
6 0 2 0 58.78
6 0 2 1 46.72
6 0 2 2 0.00
6 0 2 3 41.97
6 0 2 4 66.61
6 0 2 5 57.89
6 0 2 6 66.45
6 0 3 0 67.29
6 0 3 1 94.93
6 0 3 2 66.72
6 0 3 3 0.00
6 0 3 4 40.48
6 0 3 5 27.86
6 0 3 6 122.28
6 0 4 0 54.59
6 0 4 1 52.18
6 0 4 2 76.37
6 0 4 3 27.28
6 0 4 4 0.00
6 0 4 5 91.13
6 0 4 6 35.52
6 0 5 0 121.59
6 0 5 1 40.71
6 0 5 2 48.25
6 0 5 3 114.11
6 0 5 4 64.28
6 0 5 5 0.00
6 0 5 6 68.56
6 0 6 0 81.00
6 0 6 1 50.55
6 0 6 2 99.90
6 0 6 3 85.91
6 0 6 4 133.27
6 0 6 5 63.24
6 0 6 6 0.00
6 1 0 0 0.00
6 1 0 1 68.00
6 1 0 2 61.54
6 1 0 3 83.55
6 1 0 4 59.27
6 1 0 5 45.84
6 1 0 6 50.41
6 1 1 0 71.34
6 1 1 1 0.00
6 1 1 2 38.38
6 1 1 3 51.08
6 1 1 4 41.99
6 1 1 5 31.28
6 1 1 6 49.69
6 1 2 0 45.39
6 1 2 1 30.75
6 1 2 2 0.00
6 1 2 3 23.18
6 1 2 4 66.34
6 1 2 5 90.39
6 1 2 6 36.16
6 1 3 0 30.25
6 1 3 1 63.93
6 1 3 2 67.65
6 1 3 3 0.00
6 1 3 4 35.33
6 1 3 5 20.10
6 1 3 6 49.91
6 1 4 0 46.81
6 1 4 1 53.94
6 1 4 2 100.83
6 1 4 3 22.15
6 1 4 4 0.00
6 1 4 5 82.39
6 1 4 6 49.41
6 1 5 0 91.53
6 1 5 1 52.22
6 1 5 2 56.55
6 1 5 3 88.55
6 1 5 4 54.63
6 1 5 5 0.00
6 1 5 6 63.32
6 1 6 0 63.41
6 1 6 1 64.00
6 1 6 2 86.27
6 1 6 3 86.27
6 1 6 4 106.56
6 1 6 5 65.43
6 1 6 6 0.00
6 2 0 0 0.00
6 2 0 1 134.46
6 2 0 2 65.53
6 2 0 3 101.63
6 2 0 4 59.36
6 2 0 5 68.71
6 2 0 6 95.73
6 2 1 0 83.73
6 2 1 1 0.00
6 2 1 2 59.46
6 2 1 3 107.95
6 2 1 4 40.06
6 2 1 5 45.39
6 2 1 6 77.64
6 2 2 0 54.38
6 2 2 1 45.67
6 2 2 2 0.00
6 2 2 3 33.77
6 2 2 4 57.36
6 2 2 5 133.73
6 2 2 6 71.85
6 2 3 0 77.31
6 2 3 1 80.41
6 2 3 2 90.23
6 2 3 3 0.00
6 2 3 4 49.05
6 2 3 5 38.73
6 2 3 6 107.49
6 2 4 0 79.17
6 2 4 1 131.22
6 2 4 2 125.79
6 2 4 3 36.60
6 2 4 4 0.00
6 2 4 5 130.39
6 2 4 6 60.79
6 2 5 0 108.49
6 2 5 1 92.72
6 2 5 2 59.47
6 2 5 3 145.98
6 2 5 4 92.54
6 2 5 5 0.00
6 2 5 6 122.34
6 2 6 0 99.99
6 2 6 1 49.80
6 2 6 2 144.00
6 2 6 3 92.62
6 2 6 4 105.85
6 2 6 5 82.25
6 2 6 6 0.00
6 3 0 0 0.00
6 3 0 1 74.45
6 3 0 2 79.74
6 3 0 3 139.42
6 3 0 4 110.56
6 3 0 5 49.76
6 3 0 6 60.01
6 3 1 0 122.84
6 3 1 1 0.00
6 3 1 2 86.46
6 3 1 3 80.98
6 3 1 4 63.21
6 3 1 5 38.27
6 3 1 6 58.25
6 3 2 0 75.46
6 3 2 1 56.43
6 3 2 2 0.00
6 3 2 3 72.20
6 3 2 4 64.85
6 3 2 5 66.53
6 3 2 6 78.69
6 3 3 0 41.74
6 3 3 1 88.62
6 3 3 2 66.20
6 3 3 3 0.00
6 3 3 4 88.90
6 3 3 5 60.83
6 3 3 6 82.66
6 3 4 0 88.90
6 3 4 1 80.55
6 3 4 2 151.25
6 3 4 3 50.87
6 3 4 4 0.00
6 3 4 5 84.78
6 3 4 6 93.56
6 3 5 0 175.21
6 3 5 1 97.62
6 3 5 2 47.40
6 3 5 3 187.78
6 3 5 4 80.33
6 3 5 5 0.00
6 3 5 6 144.42
6 3 6 0 84.79
6 3 6 1 94.98
6 3 6 2 103.90
6 3 6 3 169.00
6 3 6 4 86.92
6 3 6 5 79.75
6 3 6 6 0.00
6 4 0 0 0.00
6 4 0 1 93.29
6 4 0 2 100.97
6 4 0 3 116.16
6 4 0 4 141.50
6 4 0 5 39.02
6 4 0 6 147.09
6 4 1 0 131.99
6 4 1 1 0.00
6 4 1 2 123.40
6 4 1 3 114.22
6 4 1 4 102.49
6 4 1 5 95.14
6 4 1 6 55.19
6 4 2 0 117.98
6 4 2 1 48.63
6 4 2 2 0.00
6 4 2 3 75.03
6 4 2 4 91.04
6 4 2 5 86.21
6 4 2 6 66.07
6 4 3 0 66.50
6 4 3 1 134.24
6 4 3 2 124.29
6 4 3 3 0.00
6 4 3 4 52.57
6 4 3 5 69.67
6 4 3 6 131.36
6 4 4 0 116.13
6 4 4 1 166.04
6 4 4 2 144.53
6 4 4 3 65.27
6 4 4 4 0.00
6 4 4 5 161.46
6 4 4 6 116.43
6 4 5 0 180.68
6 4 5 1 100.76
6 4 5 2 56.73
6 4 5 3 134.62
6 4 5 4 144.08
6 4 5 5 0.00
6 4 5 6 186.39
6 4 6 0 116.58
6 4 6 1 60.04
6 4 6 2 137.02
6 4 6 3 158.94
6 4 6 4 225.00
6 4 6 5 58.92
6 4 6 6 0.00
6 5 0 0 0.00
6 5 0 1 120.79
6 5 0 2 78.95
6 5 0 3 57.03
6 5 0 4 44.10
6 5 0 5 42.36
6 5 0 6 44.41
6 5 1 0 99.39
6 5 1 1 0.00
6 5 1 2 50.05
6 5 1 3 56.79
6 5 1 4 38.16
6 5 1 5 40.64
6 5 1 6 62.15
6 5 2 0 62.92
6 5 2 1 22.77
6 5 2 2 0.00
6 5 2 3 37.35
6 5 2 4 62.31
6 5 2 5 61.24
6 5 2 6 70.40
6 5 3 0 50.81
6 5 3 1 69.87
6 5 3 2 36.66
6 5 3 3 0.00
6 5 3 4 27.56
6 5 3 5 36.43
6 5 3 6 129.79
6 5 4 0 44.73
6 5 4 1 94.35
6 5 4 2 78.43
6 5 4 3 22.70
6 5 4 4 0.00
6 5 4 5 88.26
6 5 4 6 77.02
6 5 5 0 90.66
6 5 5 1 61.49
6 5 5 2 62.52
6 5 5 3 101.94
6 5 5 4 83.05
6 5 5 5 0.00
6 5 5 6 90.39
6 5 6 0 38.21
6 5 6 1 51.54
6 5 6 2 52.73
6 5 6 3 98.57
6 5 6 4 91.98
6 5 6 5 81.00
6 5 6 6 0.00
6 6 0 0 0.00
6 6 0 1 0.00
6 6 0 2 0.00
6 6 0 3 0.00
6 6 0 4 0.00
6 6 0 5 0.00
6 6 0 6 0.00
6 6 1 0 0.00
6 6 1 1 0.00
6 6 1 2 0.00
6 6 1 3 0.00
6 6 1 4 0.00
6 6 1 5 0.00
6 6 1 6 0.00
6 6 2 0 0.00
6 6 2 1 0.00
6 6 2 2 0.00
6 6 2 3 0.00
6 6 2 4 0.00
6 6 2 5 0.00
6 6 2 6 0.00
6 6 3 0 0.00
6 6 3 1 0.00
6 6 3 2 0.00
6 6 3 3 0.00
6 6 3 4 0.00
6 6 3 5 0.00
6 6 3 6 0.00
6 6 4 0 0.00
6 6 4 1 0.00
6 6 4 2 0.00
6 6 4 3 0.00
6 6 4 4 0.00
6 6 4 5 0.00
6 6 4 6 0.00
6 6 5 0 0.00
6 6 5 1 0.00
6 6 5 2 0.00
6 6 5 3 0.00
6 6 5 4 0.00
6 6 5 5 0.00
6 6 5 6 0.00
6 6 6 0 0.00
6 6 6 1 0.00
6 6 6 2 0.00
6 6 6 3 0.00
6 6 6 4 0.00
6 6 6 5 0.00
6 6 6 6 0.00

0 0 0 0 0.00
0 0 0 1 0.00
0 0 0 2 0.00
0 0 0 3 0.00
0 0 0 4 0.00
0 0 0 5 0.00
0 0 0 6 0.00
0 0 1 0 0.00
0 0 1 1 0.00
0 0 1 2 0.00
0 0 1 3 0.00
0 0 1 4 0.00
0 0 1 5 0.00
0 0 1 6 0.00
0 0 2 0 0.00
0 0 2 1 0.00
0 0 2 2 0.00
0 0 2 3 0.00
0 0 2 4 0.00
0 0 2 5 0.00
0 0 2 6 0.00
0 0 3 0 0.00
0 0 3 1 0.00
0 0 3 2 0.00
0 0 3 3 0.00
0 0 3 4 0.00
0 0 3 5 0.00
0 0 3 6 0.00
0 0 4 0 0.00
0 0 4 1 0.00
0 0 4 2 0.00
0 0 4 3 0.00
0 0 4 4 0.00
0 0 4 5 0.00
0 0 4 6 0.00
0 0 5 0 0.00
0 0 5 1 0.00
0 0 5 2 0.00
0 0 5 3 0.00
0 0 5 4 0.00
0 0 5 5 0.00
0 0 5 6 0.00
0 0 6 0 0.00
0 0 6 1 0.00
0 0 6 2 0.00
0 0 6 3 0.00
0 0 6 4 0.00
0 0 6 5 0.00
0 0 6 6 0.00
0 1 0 0 0.00
0 1 0 1 196.00
0 1 0 2 111.31
0 1 0 3 124.94
0 1 0 4 114.30
0 1 0 5 60.37
0 1 0 6 118.72
0 1 1 0 78.18
0 1 1 1 0.00
0 1 1 2 130.23
0 1 1 3 83.75
0 1 1 4 79.61
0 1 1 5 70.43
0 1 1 6 50.60
0 1 2 0 72.95
0 1 2 1 43.98
0 1 2 2 0.00
0 1 2 3 67.41
0 1 2 4 100.60
0 1 2 5 72.70
0 1 2 6 122.76
0 1 3 0 81.89
0 1 3 1 85.83
0 1 3 2 121.26
0 1 3 3 0.00
0 1 3 4 40.93
0 1 3 5 29.31
0 1 3 6 199.43
0 1 4 0 104.62
0 1 4 1 150.41
0 1 4 2 129.78
0 1 4 3 31.25
0 1 4 4 0.00
0 1 4 5 78.82
0 1 4 6 121.20
0 1 5 0 127.79
0 1 5 1 57.96
0 1 5 2 104.30
0 1 5 3 118.31
0 1 5 4 88.62
0 1 5 5 0.00
0 1 5 6 180.63
0 1 6 0 62.16
0 1 6 1 59.15
0 1 6 2 158.76
0 1 6 3 124.94
0 1 6 4 148.31
0 1 6 5 52.73
0 1 6 6 0.00
0 2 0 0 0.00
0 2 0 1 84.13
0 2 0 2 100.00
0 2 0 3 105.13
0 2 0 4 50.50
0 2 0 5 49.98
0 2 0 6 76.92
0 2 1 0 53.12
0 2 1 1 0.00
0 2 1 2 62.85
0 2 1 3 55.22
0 2 1 4 45.36
0 2 1 5 64.19
0 2 1 6 66.00
0 2 2 0 61.91
0 2 2 1 35.65
0 2 2 2 0.00
0 2 2 3 49.41
0 2 2 4 49.04
0 2 2 5 63.54
0 2 2 6 68.56
0 2 3 0 62.18
0 2 3 1 97.07
0 2 3 2 67.00
0 2 3 3 0.00
0 2 3 4 55.12
0 2 3 5 24.85
0 2 3 6 123.64
0 2 4 0 61.08
0 2 4 1 49.65
0 2 4 2 92.41
0 2 4 3 21.04
0 2 4 4 0.00
0 2 4 5 60.11
0 2 4 6 77.28
0 2 5 0 94.02
0 2 5 1 73.39
0 2 5 2 45.59
0 2 5 3 71.19
0 2 5 4 66.06
0 2 5 5 0.00
0 2 5 6 132.51
0 2 6 0 67.43
0 2 6 1 46.59
0 2 6 2 63.10
0 2 6 3 105.61
0 2 6 4 101.85
0 2 6 5 52.16
0 2 6 6 0.00
0 3 0 0 0.00
0 3 0 1 77.76
0 3 0 2 52.88
0 3 0 3 144.00
0 3 0 4 75.91
0 3 0 5 63.60
0 3 0 6 97.30
0 3 1 0 85.33
0 3 1 1 0.00
0 3 1 2 89.28
0 3 1 3 50.66
0 3 1 4 52.76
0 3 1 5 73.49
0 3 1 6 52.40
0 3 2 0 48.71
0 3 2 1 62.73
0 3 2 2 0.00
0 3 2 3 31.43
0 3 2 4 55.10
0 3 2 5 70.03
0 3 2 6 57.94
0 3 3 0 68.34
0 3 3 1 80.37
0 3 3 2 93.70
0 3 3 3 0.00
0 3 3 4 56.47
0 3 3 5 57.40
0 3 3 6 120.20
0 3 4 0 41.97
0 3 4 1 118.09
0 3 4 2 111.45
0 3 4 3 30.95
0 3 4 4 0.00
0 3 4 5 133.51
0 3 4 6 49.12
0 3 5 0 99.65
0 3 5 1 40.35
0 3 5 2 69.83
0 3 5 3 103.65
0 3 5 4 74.40
0 3 5 5 0.00
0 3 5 6 108.87
0 3 6 0 81.17
0 3 6 1 53.62
0 3 6 2 69.37
0 3 6 3 84.20
0 3 6 4 163.58
0 3 6 5 70.98
0 3 6 6 0.00
0 4 0 0 0.00
0 4 0 1 135.86
0 4 0 2 98.80
0 4 0 3 92.88
0 4 0 4 100.00
0 4 0 5 45.03
0 4 0 6 106.83
0 4 1 0 109.96
0 4 1 1 0.00
0 4 1 2 45.37
0 4 1 3 73.46
0 4 1 4 75.30
0 4 1 5 40.27
0 4 1 6 57.96
0 4 2 0 35.87
0 4 2 1 55.17
0 4 2 2 0.00
0 4 2 3 38.51
0 4 2 4 66.31
0 4 2 5 67.65
0 4 2 6 46.95
0 4 3 0 56.37
0 4 3 1 120.71
0 4 3 2 62.90
0 4 3 3 0.00
0 4 3 4 65.25
0 4 3 5 40.33
0 4 3 6 123.16
0 4 4 0 68.19
0 4 4 1 64.81
0 4 4 2 131.67
0 4 4 3 33.49
0 4 4 4 0.00
0 4 4 5 80.49
0 4 4 6 76.73
0 4 5 0 87.62
0 4 5 1 37.87
0 4 5 2 39.44
0 4 5 3 110.91
0 4 5 4 67.90
0 4 5 5 0.00
0 4 5 6 94.15
0 4 6 0 76.76
0 4 6 1 68.16
0 4 6 2 115.12
0 4 6 3 125.88
0 4 6 4 98.46
0 4 6 5 72.45
0 4 6 6 0.00
0 5 0 0 0.00
0 5 0 1 80.96
0 5 0 2 48.87
0 5 0 3 62.65
0 5 0 4 32.85
0 5 0 5 36.00
0 5 0 6 35.12
0 5 1 0 58.59
0 5 1 1 0.00
0 5 1 2 27.69
0 5 1 3 52.71
0 5 1 4 36.96
0 5 1 5 33.76
0 5 1 6 36.33
0 5 2 0 35.24
0 5 2 1 26.47
0 5 2 2 0.00
0 5 2 3 33.48
0 5 2 4 33.19
0 5 2 5 30.49
0 5 2 6 32.97
0 5 3 0 27.58
0 5 3 1 37.16
0 5 3 2 35.74
0 5 3 3 0.00
0 5 3 4 41.28
0 5 3 5 21.60
0 5 3 6 78.38
0 5 4 0 23.04
0 5 4 1 30.60
0 5 4 2 70.47
0 5 4 3 26.22
0 5 4 4 0.00
0 5 4 5 36.30
0 5 4 6 42.69
0 5 5 0 50.95
0 5 5 1 37.85
0 5 5 2 22.30
0 5 5 3 57.08
0 5 5 4 43.14
0 5 5 5 0.00
0 5 5 6 76.08
0 5 6 0 35.47
0 5 6 1 21.70
0 5 6 2 53.38
0 5 6 3 48.06
0 5 6 4 69.80
0 5 6 5 49.01
0 5 6 6 0.00
0 6 0 0 0.00
0 6 0 1 133.80
0 6 0 2 57.41
0 6 0 3 116.58
0 6 0 4 96.80
0 6 0 5 52.25
0 6 0 6 121.00
0 6 1 0 102.30
0 6 1 1 0.00
0 6 1 2 46.70
0 6 1 3 93.99
0 6 1 4 36.11
0 6 1 5 33.97
0 6 1 6 34.43
0 6 2 0 37.88
0 6 2 1 42.56
0 6 2 2 0.00
0 6 2 3 41.87
0 6 2 4 55.01
0 6 2 5 130.65
0 6 2 6 93.13
0 6 3 0 80.78
0 6 3 1 66.08
0 6 3 2 92.04
0 6 3 3 0.00
0 6 3 4 55.36
0 6 3 5 47.56
0 6 3 6 120.28
0 6 4 0 36.27
0 6 4 1 87.36
0 6 4 2 70.56
0 6 4 3 41.03
0 6 4 4 0.00
0 6 4 5 57.88
0 6 4 6 68.85
0 6 5 0 115.53
0 6 5 1 72.79
0 6 5 2 56.91
0 6 5 3 108.11
0 6 5 4 78.62
0 6 5 5 0.00
0 6 5 6 83.59
0 6 6 0 41.64
0 6 6 1 48.75
0 6 6 2 121.42
0 6 6 3 75.21
0 6 6 4 134.50
0 6 6 5 75.34
0 6 6 6 0.00
1 0 0 0 0.00
1 0 0 1 95.39
1 0 0 2 103.84
1 0 0 3 127.18
1 0 0 4 64.16
1 0 0 5 66.87
1 0 0 6 93.05
1 0 1 0 169.00
1 0 1 1 0.00
1 0 1 2 81.68
1 0 1 3 107.38
1 0 1 4 86.06
1 0 1 5 51.43
1 0 1 6 48.12
1 0 2 0 60.53
1 0 2 1 49.48
1 0 2 2 0.00
1 0 2 3 68.53
1 0 2 4 63.86
1 0 2 5 99.81
1 0 2 6 72.65
1 0 3 0 67.15
1 0 3 1 96.19
1 0 3 2 103.77
1 0 3 3 0.00
1 0 3 4 55.24
1 0 3 5 41.97
1 0 3 6 129.68
1 0 4 0 73.80
1 0 4 1 65.88
1 0 4 2 154.97
1 0 4 3 58.34
1 0 4 4 0.00
1 0 4 5 115.05
1 0 4 6 109.58
1 0 5 0 144.06
1 0 5 1 68.52
1 0 5 2 72.43
1 0 5 3 120.33
1 0 5 4 107.97
1 0 5 5 0.00
1 0 5 6 151.00
1 0 6 0 59.39
1 0 6 1 46.46
1 0 6 2 136.70
1 0 6 3 89.25
1 0 6 4 181.68
1 0 6 5 96.02
1 0 6 6 0.00
1 1 0 0 0.00
1 1 0 1 0.00
1 1 0 2 0.00
1 1 0 3 0.00
1 1 0 4 0.00
1 1 0 5 0.00
1 1 0 6 0.00
1 1 1 0 0.00
1 1 1 1 0.00
1 1 1 2 0.00
1 1 1 3 0.00
1 1 1 4 0.00
1 1 1 5 0.00
1 1 1 6 0.00
1 1 2 0 0.00
1 1 2 1 0.00
1 1 2 2 0.00
1 1 2 3 0.00
1 1 2 4 0.00
1 1 2 5 0.00
1 1 2 6 0.00
1 1 3 0 0.00
1 1 3 1 0.00
1 1 3 2 0.00
1 1 3 3 0.00
1 1 3 4 0.00
1 1 3 5 0.00
1 1 3 6 0.00
1 1 4 0 0.00
1 1 4 1 0.00
1 1 4 2 0.00
1 1 4 3 0.00
1 1 4 4 0.00
1 1 4 5 0.00
1 1 4 6 0.00
1 1 5 0 0.00
1 1 5 1 0.00
1 1 5 2 0.00
1 1 5 3 0.00
1 1 5 4 0.00
1 1 5 5 0.00
1 1 5 6 0.00
1 1 6 0 0.00
1 1 6 1 0.00
1 1 6 2 0.00
1 1 6 3 0.00
1 1 6 4 0.00
1 1 6 5 0.00
1 1 6 6 0.00
1 2 0 0 0.00
1 2 0 1 62.60
1 2 0 2 58.60
1 2 0 3 73.02
1 2 0 4 88.13
1 2 0 5 38.59
1 2 0 6 47.26
1 2 1 0 77.20
1 2 1 1 0.00
1 2 1 2 100.00
1 2 1 3 40.50
1 2 1 4 67.73
1 2 1 5 66.22
1 2 1 6 57.17
1 2 2 0 37.28
1 2 2 1 50.97
1 2 2 2 0.00
1 2 2 3 35.82
1 2 2 4 83.47
1 2 2 5 82.88
1 2 2 6 71.89
1 2 3 0 53.28
1 2 3 1 75.41
1 2 3 2 61.15
1 2 3 3 0.00
1 2 3 4 52.23
1 2 3 5 30.86
1 2 3 6 136.85
1 2 4 0 77.17
1 2 4 1 57.70
1 2 4 2 119.57
1 2 4 3 26.15
1 2 4 4 0.00
1 2 4 5 71.50
1 2 4 6 64.85
1 2 5 0 68.66
1 2 5 1 43.22
1 2 5 2 63.60
1 2 5 3 136.46
1 2 5 4 43.63
1 2 5 5 0.00
1 2 5 6 94.04
1 2 6 0 65.99
1 2 6 1 69.27
1 2 6 2 71.08
1 2 6 3 125.25
1 2 6 4 77.82
1 2 6 5 46.44
1 2 6 6 0.00
1 3 0 0 0.00
1 3 0 1 86.18
1 3 0 2 46.25
1 3 0 3 54.37
1 3 0 4 56.70
1 3 0 5 40.43
1 3 0 6 70.84
1 3 1 0 120.25
1 3 1 1 0.00
1 3 1 2 44.39
1 3 1 3 100.00
1 3 1 4 55.94
1 3 1 5 42.65
1 3 1 6 56.53
1 3 2 0 33.35
1 3 2 1 54.75
1 3 2 2 0.00
1 3 2 3 26.94
1 3 2 4 56.62
1 3 2 5 86.25
1 3 2 6 50.34
1 3 3 0 61.80
1 3 3 1 58.51
1 3 3 2 71.93
1 3 3 3 0.00
1 3 3 4 50.48
1 3 3 5 39.43
1 3 3 6 140.09
1 3 4 0 55.51
1 3 4 1 110.77
1 3 4 2 128.02
1 3 4 3 48.92
1 3 4 4 0.00
1 3 4 5 95.00
1 3 4 6 64.05
1 3 5 0 77.47
1 3 5 1 66.67
1 3 5 2 83.29
1 3 5 3 108.04
1 3 5 4 96.16
1 3 5 5 0.00
1 3 5 6 67.97
1 3 6 0 72.66
1 3 6 1 53.85
1 3 6 2 83.38
1 3 6 3 74.26
1 3 6 4 113.44
1 3 6 5 86.25
1 3 6 6 0.00
1 4 0 0 0.00
1 4 0 1 86.49
1 4 0 2 73.87
1 4 0 3 58.58
1 4 0 4 76.91
1 4 0 5 28.10
1 4 0 6 62.47
1 4 1 0 66.61
1 4 1 1 0.00
1 4 1 2 32.76
1 4 1 3 44.11
1 4 1 4 64.00
1 4 1 5 32.44
1 4 1 6 36.25
1 4 2 0 51.79
1 4 2 1 22.09
1 4 2 2 0.00
1 4 2 3 26.15
1 4 2 4 34.42
1 4 2 5 63.38
1 4 2 6 47.95
1 4 3 0 34.86
1 4 3 1 52.67
1 4 3 2 61.70
1 4 3 3 0.00
1 4 3 4 30.21
1 4 3 5 37.80
1 4 3 6 63.56
1 4 4 0 44.72
1 4 4 1 71.86
1 4 4 2 77.04
1 4 4 3 35.45
1 4 4 4 0.00
1 4 4 5 51.26
1 4 4 6 37.92
1 4 5 0 61.90
1 4 5 1 33.12
1 4 5 2 48.10
1 4 5 3 81.73
1 4 5 4 68.02
1 4 5 5 0.00
1 4 5 6 77.67
1 4 6 0 51.65
1 4 6 1 38.81
1 4 6 2 74.34
1 4 6 3 94.31
1 4 6 4 72.48
1 4 6 5 29.67
1 4 6 6 0.00
1 5 0 0 0.00
1 5 0 1 82.59
1 5 0 2 32.81
1 5 0 3 34.13
1 5 0 4 63.51
1 5 0 5 31.10
1 5 0 6 41.09
1 5 1 0 50.09
1 5 1 1 0.00
1 5 1 2 30.74
1 5 1 3 67.42
1 5 1 4 35.11
1 5 1 5 49.00
1 5 1 6 33.96
1 5 2 0 54.29
1 5 2 1 33.73
1 5 2 2 0.00
1 5 2 3 29.38
1 5 2 4 53.26
1 5 2 5 70.20
1 5 2 6 37.96
1 5 3 0 23.90
1 5 3 1 67.32
1 5 3 2 44.05
1 5 3 3 0.00
1 5 3 4 21.46
1 5 3 5 29.69
1 5 3 6 94.70
1 5 4 0 39.88
1 5 4 1 33.66
1 5 4 2 96.44
1 5 4 3 27.99
1 5 4 4 0.00
1 5 4 5 36.64
1 5 4 6 38.79
1 5 5 0 74.79
1 5 5 1 40.72
1 5 5 2 60.72
1 5 5 3 54.01
1 5 5 4 36.13
1 5 5 5 0.00
1 5 5 6 43.87
1 5 6 0 43.17
1 5 6 1 26.82
1 5 6 2 37.64
1 5 6 3 81.20
1 5 6 4 66.49
1 5 6 5 52.53
1 5 6 6 0.00
1 6 0 0 0.00
1 6 0 1 55.39
1 6 0 2 59.05
1 6 0 3 75.52
1 6 0 4 41.34
1 6 0 5 34.56
1 6 0 6 50.51
1 6 1 0 58.35
1 6 1 1 0.00
1 6 1 2 62.41
1 6 1 3 47.88
1 6 1 4 31.16
1 6 1 5 35.49
1 6 1 6 49.00
1 6 2 0 50.05
1 6 2 1 18.67
1 6 2 2 0.00
1 6 2 3 25.33
1 6 2 4 32.35
1 6 2 5 36.40
1 6 2 6 38.23
1 6 3 0 42.05
1 6 3 1 41.56
1 6 3 2 33.12
1 6 3 3 0.00
1 6 3 4 20.38
1 6 3 5 32.06
1 6 3 6 103.41
1 6 4 0 30.29
1 6 4 1 77.84
1 6 4 2 45.04
1 6 4 3 18.14
1 6 4 4 0.00
1 6 4 5 43.59
1 6 4 6 42.47
1 6 5 0 85.19
1 6 5 1 38.70
1 6 5 2 44.72
1 6 5 3 103.32
1 6 5 4 46.77
1 6 5 5 0.00
1 6 5 6 80.18
1 6 6 0 40.66
1 6 6 1 35.48
1 6 6 2 65.97
1 6 6 3 52.60
1 6 6 4 81.55
1 6 6 5 46.38
1 6 6 6 0.00
2 0 0 0 0.00
2 0 0 1 108.84
2 0 0 2 63.84
2 0 0 3 58.79
2 0 0 4 41.91
2 0 0 5 31.13
2 0 0 6 69.81
2 0 1 0 87.52
2 0 1 1 0.00
2 0 1 2 44.73
2 0 1 3 63.91
2 0 1 4 38.80
2 0 1 5 24.17
2 0 1 6 37.04
2 0 2 0 64.00
2 0 2 1 30.22
2 0 2 2 0.00
2 0 2 3 23.85
2 0 2 4 43.44
2 0 2 5 80.26
2 0 2 6 50.47
2 0 3 0 59.72
2 0 3 1 48.58
2 0 3 2 37.07
2 0 3 3 0.00
2 0 3 4 22.79
2 0 3 5 29.41
2 0 3 6 93.44
2 0 4 0 48.92
2 0 4 1 56.13
2 0 4 2 109.55
2 0 4 3 30.62
2 0 4 4 0.00
2 0 4 5 73.34
2 0 4 6 42.86
2 0 5 0 47.65
2 0 5 1 48.59
2 0 5 2 37.97
2 0 5 3 115.29
2 0 5 4 42.54
2 0 5 5 0.00
2 0 5 6 107.67
2 0 6 0 32.42
2 0 6 1 40.67
2 0 6 2 40.94
2 0 6 3 57.19
2 0 6 4 52.48
2 0 6 5 56.70
2 0 6 6 0.00
2 1 0 0 0.00
2 1 0 1 72.84
2 1 0 2 52.97
2 1 0 3 56.99
2 1 0 4 24.66
2 1 0 5 27.95
2 1 0 6 35.47
2 1 1 0 62.26
2 1 1 1 0.00
2 1 1 2 31.01
2 1 1 3 32.78
2 1 1 4 41.67
2 1 1 5 18.42
2 1 1 6 32.45
2 1 2 0 28.09
2 1 2 1 36.00
2 1 2 2 0.00
2 1 2 3 24.73
2 1 2 4 36.13
2 1 2 5 56.41
2 1 2 6 43.63
2 1 3 0 45.61
2 1 3 1 61.25
2 1 3 2 29.62
2 1 3 3 0.00
2 1 3 4 37.43
2 1 3 5 16.03
2 1 3 6 87.62
2 1 4 0 34.32
2 1 4 1 35.77
2 1 4 2 75.95
2 1 4 3 27.85
2 1 4 4 0.00
2 1 4 5 53.65
2 1 4 6 47.59
2 1 5 0 81.14
2 1 5 1 29.65
2 1 5 2 51.71
2 1 5 3 67.82
2 1 5 4 41.94
2 1 5 5 0.00
2 1 5 6 82.31
2 1 6 0 23.13
2 1 6 1 21.63
2 1 6 2 48.08
2 1 6 3 31.25
2 1 6 4 52.86
2 1 6 5 23.99
2 1 6 6 0.00
2 2 0 0 0.00
2 2 0 1 0.00
2 2 0 2 0.00
2 2 0 3 0.00
2 2 0 4 0.00
2 2 0 5 0.00
2 2 0 6 0.00
2 2 1 0 0.00
2 2 1 1 0.00
2 2 1 2 0.00
2 2 1 3 0.00
2 2 1 4 0.00
2 2 1 5 0.00
2 2 1 6 0.00
2 2 2 0 0.00
2 2 2 1 0.00
2 2 2 2 0.00
2 2 2 3 0.00
2 2 2 4 0.00
2 2 2 5 0.00
2 2 2 6 0.00
2 2 3 0 0.00
2 2 3 1 0.00
2 2 3 2 0.00
2 2 3 3 0.00
2 2 3 4 0.00
2 2 3 5 0.00
2 2 3 6 0.00
2 2 4 0 0.00
2 2 4 1 0.00
2 2 4 2 0.00
2 2 4 3 0.00
2 2 4 4 0.00
2 2 4 5 0.00
2 2 4 6 0.00
2 2 5 0 0.00
2 2 5 1 0.00
2 2 5 2 0.00
2 2 5 3 0.00
2 2 5 4 0.00
2 2 5 5 0.00
2 2 5 6 0.00
2 2 6 0 0.00
2 2 6 1 0.00
2 2 6 2 0.00
2 2 6 3 0.00
2 2 6 4 0.00
2 2 6 5 0.00
2 2 6 6 0.00
2 3 0 0 0.00
2 3 0 1 60.24
2 3 0 2 37.81
2 3 0 3 52.79
2 3 0 4 26.03
2 3 0 5 17.97
2 3 0 6 58.27
2 3 1 0 33.37
2 3 1 1 0.00
2 3 1 2 39.62
2 3 1 3 34.89
2 3 1 4 41.52
2 3 1 5 25.95
2 3 1 6 18.15
2 3 2 0 26.49
2 3 2 1 26.92
2 3 2 2 0.00
2 3 2 3 36.00
2 3 2 4 42.37
2 3 2 5 37.69
2 3 2 6 42.49
2 3 3 0 23.64
2 3 3 1 74.78
2 3 3 2 38.87
2 3 3 3 0.00
2 3 3 4 29.25
2 3 3 5 26.07
2 3 3 6 86.75
2 3 4 0 24.36
2 3 4 1 36.05
2 3 4 2 65.79
2 3 4 3 13.54
2 3 4 4 0.00
2 3 4 5 63.13
2 3 4 6 25.46
2 3 5 0 69.25
2 3 5 1 35.53
2 3 5 2 38.99
2 3 5 3 66.95
2 3 5 4 28.84
2 3 5 5 0.00
2 3 5 6 81.91
2 3 6 0 37.14
2 3 6 1 30.12
2 3 6 2 38.08
2 3 6 3 40.74
2 3 6 4 85.70
2 3 6 5 34.83
2 3 6 6 0.00
2 4 0 0 0.00
2 4 0 1 59.36
2 4 0 2 36.42
2 4 0 3 97.66
2 4 0 4 68.67
2 4 0 5 49.18
2 4 0 6 74.50
2 4 1 0 107.32
2 4 1 1 0.00
2 4 1 2 67.17
2 4 1 3 67.00
2 4 1 4 43.41
2 4 1 5 33.14
2 4 1 6 29.27
2 4 2 0 36.82
2 4 2 1 37.62
2 4 2 2 0.00
2 4 2 3 28.56
2 4 2 4 81.00
2 4 2 5 100.58
2 4 2 6 42.50
2 4 3 0 47.00
2 4 3 1 72.73
2 4 3 2 44.00
2 4 3 3 0.00
2 4 3 4 34.44
2 4 3 5 28.73
2 4 3 6 67.16
2 4 4 0 40.58
2 4 4 1 102.70
2 4 4 2 130.07
2 4 4 3 29.30
2 4 4 4 0.00
2 4 4 5 63.91
2 4 4 6 40.51
2 4 5 0 105.99
2 4 5 1 31.48
2 4 5 2 37.51
2 4 5 3 74.12
2 4 5 4 72.85
2 4 5 5 0.00
2 4 5 6 72.64
2 4 6 0 65.00
2 4 6 1 67.88
2 4 6 2 106.39
2 4 6 3 105.04
2 4 6 4 87.85
2 4 6 5 69.90
2 4 6 6 0.00
2 5 0 0 0.00
2 5 0 1 129.63
2 5 0 2 108.45
2 5 0 3 117.35
2 5 0 4 54.28
2 5 0 5 30.93
2 5 0 6 101.50
2 5 1 0 137.67
2 5 1 1 0.00
2 5 1 2 109.68
2 5 1 3 69.46
2 5 1 4 39.51
2 5 1 5 43.03
2 5 1 6 48.65
2 5 2 0 89.14
2 5 2 1 59.09
2 5 2 2 0.00
2 5 2 3 59.88
2 5 2 4 84.44
2 5 2 5 144.00
2 5 2 6 94.33
2 5 3 0 80.98
2 5 3 1 101.63
2 5 3 2 69.67
2 5 3 3 0.00
2 5 3 4 66.29
2 5 3 5 26.98
2 5 3 6 79.24
2 5 4 0 52.21
2 5 4 1 66.39
2 5 4 2 126.82
2 5 4 3 57.16
2 5 4 4 0.00
2 5 4 5 140.35
2 5 4 6 85.20
2 5 5 0 153.09
2 5 5 1 67.84
2 5 5 2 63.22
2 5 5 3 88.63
2 5 5 4 62.99
2 5 5 5 0.00
2 5 5 6 92.27
2 5 6 0 51.68
2 5 6 1 94.70
2 5 6 2 60.50
2 5 6 3 108.88
2 5 6 4 156.54
2 5 6 5 75.86
2 5 6 6 0.00
2 6 0 0 0.00
2 6 0 1 63.97
2 6 0 2 94.91
2 6 0 3 63.11
2 6 0 4 47.15
2 6 0 5 49.62
2 6 0 6 48.98
2 6 1 0 98.64
2 6 1 1 0.00
2 6 1 2 45.55
2 6 1 3 72.62
2 6 1 4 59.41
2 6 1 5 66.83
2 6 1 6 38.17
2 6 2 0 59.26
2 6 2 1 53.45
2 6 2 2 0.00
2 6 2 3 54.65
2 6 2 4 78.70
2 6 2 5 114.92
2 6 2 6 100.00
2 6 3 0 41.54
2 6 3 1 66.75
2 6 3 2 67.66
2 6 3 3 0.00
2 6 3 4 63.06
2 6 3 5 30.60
2 6 3 6 89.75
2 6 4 0 75.63
2 6 4 1 96.29
2 6 4 2 69.60
2 6 4 3 30.61
2 6 4 4 0.00
2 6 4 5 53.90
2 6 4 6 83.65
2 6 5 0 137.45
2 6 5 1 40.77
2 6 5 2 75.57
2 6 5 3 99.96
2 6 5 4 95.81
2 6 5 5 0.00
2 6 5 6 102.64
2 6 6 0 53.38
2 6 6 1 49.21
2 6 6 2 67.71
2 6 6 3 113.31
2 6 6 4 148.15
2 6 6 5 63.28
2 6 6 6 0.00
3 0 0 0 0.00
3 0 0 1 71.24
3 0 0 2 76.50
3 0 0 3 74.65
3 0 0 4 50.98
3 0 0 5 42.51
3 0 0 6 53.55
3 0 1 0 83.28
3 0 1 1 0.00
3 0 1 2 35.25
3 0 1 3 37.86
3 0 1 4 36.02
3 0 1 5 53.04
3 0 1 6 32.61
3 0 2 0 32.72
3 0 2 1 33.74
3 0 2 2 0.00
3 0 2 3 43.34
3 0 2 4 30.59
3 0 2 5 69.83
3 0 2 6 33.38
3 0 3 0 64.00
3 0 3 1 60.59
3 0 3 2 59.94
3 0 3 3 0.00
3 0 3 4 49.41
3 0 3 5 19.42
3 0 3 6 49.29
3 0 4 0 32.04
3 0 4 1 60.00
3 0 4 2 100.08
3 0 4 3 18.39
3 0 4 4 0.00
3 0 4 5 60.95
3 0 4 6 47.76
3 0 5 0 53.00
3 0 5 1 61.41
3 0 5 2 36.66
3 0 5 3 50.60
3 0 5 4 34.55
3 0 5 5 0.00
3 0 5 6 92.32
3 0 6 0 29.71
3 0 6 1 62.02
3 0 6 2 44.19
3 0 6 3 67.09
3 0 6 4 70.15
3 0 6 5 69.91
3 0 6 6 0.00
3 1 0 0 0.00
3 1 0 1 121.18
3 1 0 2 114.87
3 1 0 3 69.48
3 1 0 4 77.02
3 1 0 5 43.66
3 1 0 6 76.39
3 1 1 0 163.99
3 1 1 1 0.00
3 1 1 2 63.97
3 1 1 3 92.50
3 1 1 4 54.88
3 1 1 5 64.17
3 1 1 6 72.16
3 1 2 0 91.70
3 1 2 1 73.63
3 1 2 2 0.00
3 1 2 3 35.89
3 1 2 4 74.73
3 1 2 5 137.51
3 1 2 6 126.69
3 1 3 0 49.56
3 1 3 1 169.00
3 1 3 2 58.00
3 1 3 3 0.00
3 1 3 4 77.42
3 1 3 5 50.34
3 1 3 6 137.90
3 1 4 0 69.28
3 1 4 1 132.58
3 1 4 2 103.35
3 1 4 3 42.44
3 1 4 4 0.00
3 1 4 5 107.31
3 1 4 6 78.23
3 1 5 0 147.89
3 1 5 1 60.70
3 1 5 2 79.28
3 1 5 3 88.50
3 1 5 4 119.48
3 1 5 5 0.00
3 1 5 6 167.61
3 1 6 0 103.67
3 1 6 1 42.80
3 1 6 2 154.22
3 1 6 3 118.07
3 1 6 4 189.40
3 1 6 5 84.42
3 1 6 6 0.00
3 2 0 0 0.00
3 2 0 1 81.28
3 2 0 2 64.11
3 2 0 3 57.20
3 2 0 4 82.50
3 2 0 5 36.65
3 2 0 6 49.03
3 2 1 0 111.17
3 2 1 1 0.00
3 2 1 2 64.95
3 2 1 3 88.74
3 2 1 4 57.66
3 2 1 5 60.25
3 2 1 6 34.34
3 2 2 0 50.04
3 2 2 1 29.52
3 2 2 2 0.00
3 2 2 3 31.45
3 2 2 4 73.64
3 2 2 5 52.03
3 2 2 6 46.25
3 2 3 0 49.08
3 2 3 1 54.68
3 2 3 2 81.00
3 2 3 3 0.00
3 2 3 4 47.38
3 2 3 5 41.55
3 2 3 6 80.19
3 2 4 0 40.25
3 2 4 1 94.49
3 2 4 2 108.35
3 2 4 3 33.60
3 2 4 4 0.00
3 2 4 5 67.30
3 2 4 6 66.17
3 2 5 0 83.98
3 2 5 1 61.82
3 2 5 2 76.64
3 2 5 3 111.58
3 2 5 4 57.31
3 2 5 5 0.00
3 2 5 6 109.70
3 2 6 0 46.62
3 2 6 1 53.52
3 2 6 2 53.23
3 2 6 3 62.21
3 2 6 4 75.88
3 2 6 5 40.58
3 2 6 6 0.00
3 3 0 0 0.00
3 3 0 1 0.00
3 3 0 2 0.00
3 3 0 3 0.00
3 3 0 4 0.00
3 3 0 5 0.00
3 3 0 6 0.00
3 3 1 0 0.00
3 3 1 1 0.00
3 3 1 2 0.00
3 3 1 3 0.00
3 3 1 4 0.00
3 3 1 5 0.00
3 3 1 6 0.00
3 3 2 0 0.00
3 3 2 1 0.00
3 3 2 2 0.00
3 3 2 3 0.00
3 3 2 4 0.00
3 3 2 5 0.00
3 3 2 6 0.00
3 3 3 0 0.00
3 3 3 1 0.00
3 3 3 2 0.00
3 3 3 3 0.00
3 3 3 4 0.00
3 3 3 5 0.00
3 3 3 6 0.00
3 3 4 0 0.00
3 3 4 1 0.00
3 3 4 2 0.00
3 3 4 3 0.00
3 3 4 4 0.00
3 3 4 5 0.00
3 3 4 6 0.00
3 3 5 0 0.00
3 3 5 1 0.00
3 3 5 2 0.00
3 3 5 3 0.00
3 3 5 4 0.00
3 3 5 5 0.00
3 3 5 6 0.00
3 3 6 0 0.00
3 3 6 1 0.00
3 3 6 2 0.00
3 3 6 3 0.00
3 3 6 4 0.00
3 3 6 5 0.00
3 3 6 6 0.00
3 4 0 0 0.00
3 4 0 1 75.46
3 4 0 2 39.46
3 4 0 3 35.02
3 4 0 4 30.38
3 4 0 5 16.90
3 4 0 6 49.28
3 4 1 0 46.61
3 4 1 1 0.00
3 4 1 2 51.81
3 4 1 3 31.55
3 4 1 4 45.02
3 4 1 5 37.28
3 4 1 6 37.54
3 4 2 0 45.14
3 4 2 1 39.24
3 4 2 2 0.00
3 4 2 3 21.05
3 4 2 4 59.09
3 4 2 5 48.30
3 4 2 6 65.14
3 4 3 0 45.01
3 4 3 1 66.18
3 4 3 2 30.50
3 4 3 3 0.00
3 4 3 4 49.00
3 4 3 5 28.98
3 4 3 6 61.86
3 4 4 0 46.28
3 4 4 1 35.30
3 4 4 2 78.19
3 4 4 3 19.50
3 4 4 4 0.00
3 4 4 5 82.86
3 4 4 6 49.61
3 4 5 0 54.25
3 4 5 1 24.07
3 4 5 2 57.68
3 4 5 3 68.59
3 4 5 4 35.29
3 4 5 5 0.00
3 4 5 6 88.77
3 4 6 0 32.27
3 4 6 1 50.34
3 4 6 2 41.95
3 4 6 3 88.37
3 4 6 4 82.81
3 4 6 5 30.29
3 4 6 6 0.00
3 5 0 0 0.00
3 5 0 1 41.81
3 5 0 2 29.82
3 5 0 3 28.23
3 5 0 4 47.05
3 5 0 5 29.36
3 5 0 6 53.04
3 5 1 0 40.59
3 5 1 1 0.00
3 5 1 2 38.78
3 5 1 3 42.60
3 5 1 4 17.96
3 5 1 5 15.11
3 5 1 6 15.77
3 5 2 0 20.81
3 5 2 1 17.11
3 5 2 2 0.00
3 5 2 3 15.01
3 5 2 4 31.71
3 5 2 5 55.87
3 5 2 6 40.16
3 5 3 0 25.46
3 5 3 1 36.37
3 5 3 2 28.06
3 5 3 3 0.00
3 5 3 4 33.11
3 5 3 5 25.00
3 5 3 6 42.31
3 5 4 0 18.42
3 5 4 1 48.77
3 5 4 2 40.02
3 5 4 3 10.27
3 5 4 4 0.00
3 5 4 5 48.80
3 5 4 6 24.98
3 5 5 0 48.80
3 5 5 1 35.08
3 5 5 2 40.95
3 5 5 3 57.23
3 5 5 4 30.61
3 5 5 5 0.00
3 5 5 6 43.80
3 5 6 0 43.30
3 5 6 1 17.29
3 5 6 2 55.33
3 5 6 3 35.00
3 5 6 4 33.71
3 5 6 5 37.64
3 5 6 6 0.00
3 6 0 0 0.00
3 6 0 1 200.50
3 6 0 2 97.92
3 6 0 3 177.31
3 6 0 4 61.80
3 6 0 5 55.26
3 6 0 6 113.25
3 6 1 0 86.44
3 6 1 1 0.00
3 6 1 2 116.43
3 6 1 3 134.23
3 6 1 4 101.34
3 6 1 5 92.84
3 6 1 6 90.86
3 6 2 0 60.87
3 6 2 1 48.85
3 6 2 2 0.00
3 6 2 3 37.07
3 6 2 4 55.54
3 6 2 5 122.80
3 6 2 6 135.94
3 6 3 0 55.26
3 6 3 1 169.47
3 6 3 2 132.22
3 6 3 3 0.00
3 6 3 4 96.01
3 6 3 5 42.72
3 6 3 6 225.00
3 6 4 0 78.74
3 6 4 1 111.31
3 6 4 2 128.69
3 6 4 3 62.20
3 6 4 4 0.00
3 6 4 5 107.97
3 6 4 6 126.36
3 6 5 0 150.67
3 6 5 1 88.06
3 6 5 2 125.22
3 6 5 3 157.40
3 6 5 4 143.27
3 6 5 5 0.00
3 6 5 6 184.88
3 6 6 0 74.74
3 6 6 1 77.11
3 6 6 2 143.70
3 6 6 3 163.36
3 6 6 4 198.13
3 6 6 5 127.59
3 6 6 6 0.00
4 0 0 0 0.00
4 0 0 1 110.18
4 0 0 2 54.91
4 0 0 3 71.36
4 0 0 4 34.03
4 0 0 5 47.01
4 0 0 6 42.70
4 0 1 0 50.02
4 0 1 1 0.00
4 0 1 2 55.29
4 0 1 3 48.87
4 0 1 4 38.17
4 0 1 5 53.55
4 0 1 6 28.00
4 0 2 0 61.26
4 0 2 1 42.74
4 0 2 2 0.00
4 0 2 3 34.98
4 0 2 4 33.07
4 0 2 5 82.68
4 0 2 6 52.47
4 0 3 0 36.92
4 0 3 1 79.42
4 0 3 2 38.16
4 0 3 3 0.00
4 0 3 4 31.46
4 0 3 5 34.32
4 0 3 6 87.87
4 0 4 0 64.00
4 0 4 1 45.61
4 0 4 2 52.23
4 0 4 3 39.05
4 0 4 4 0.00
4 0 4 5 77.89
4 0 4 6 36.00
4 0 5 0 69.81
4 0 5 1 28.18
4 0 5 2 51.98
4 0 5 3 60.41
4 0 5 4 78.20
4 0 5 5 0.00
4 0 5 6 58.15
4 0 6 0 59.85
4 0 6 1 33.88
4 0 6 2 64.36
4 0 6 3 79.96
4 0 6 4 54.79
4 0 6 5 54.57
4 0 6 6 0.00
4 1 0 0 0.00
4 1 0 1 164.95
4 1 0 2 116.15
4 1 0 3 106.99
4 1 0 4 110.04
4 1 0 5 32.72
4 1 0 6 77.37
4 1 1 0 121.18
4 1 1 1 0.00
4 1 1 2 49.19
4 1 1 3 85.64
4 1 1 4 90.56
4 1 1 5 64.13
4 1 1 6 77.00
4 1 2 0 81.09
4 1 2 1 62.75
4 1 2 2 0.00
4 1 2 3 66.31
4 1 2 4 78.91
4 1 2 5 131.68
4 1 2 6 68.23
4 1 3 0 56.03
4 1 3 1 103.79
4 1 3 2 81.16
4 1 3 3 0.00
4 1 3 4 66.68
4 1 3 5 55.33
4 1 3 6 98.33
4 1 4 0 94.16
4 1 4 1 144.00
4 1 4 2 72.68
4 1 4 3 55.10
4 1 4 4 0.00
4 1 4 5 122.04
4 1 4 6 90.13
4 1 5 0 82.53
4 1 5 1 90.02
4 1 5 2 97.72
4 1 5 3 95.54
4 1 5 4 104.10
4 1 5 5 0.00
4 1 5 6 163.61
4 1 6 0 95.13
4 1 6 1 54.45
4 1 6 2 126.76
4 1 6 3 62.88
4 1 6 4 80.02
4 1 6 5 66.83
4 1 6 6 0.00
4 2 0 0 0.00
4 2 0 1 117.51
4 2 0 2 87.70
4 2 0 3 104.57
4 2 0 4 91.42
4 2 0 5 41.20
4 2 0 6 76.85
4 2 1 0 192.99
4 2 1 1 0.00
4 2 1 2 140.82
4 2 1 3 84.27
4 2 1 4 62.37
4 2 1 5 97.64
4 2 1 6 102.15
4 2 2 0 87.74
4 2 2 1 75.97
4 2 2 2 0.00
4 2 2 3 43.83
4 2 2 4 106.36
4 2 2 5 175.55
4 2 2 6 61.36
4 2 3 0 102.61
4 2 3 1 165.82
4 2 3 2 113.53
4 2 3 3 0.00
4 2 3 4 102.68
4 2 3 5 38.17
4 2 3 6 128.68
4 2 4 0 98.41
4 2 4 1 97.66
4 2 4 2 225.00
4 2 4 3 61.29
4 2 4 4 0.00
4 2 4 5 138.70
4 2 4 6 79.33
4 2 5 0 93.06
4 2 5 1 78.49
4 2 5 2 91.28
4 2 5 3 109.67
4 2 5 4 84.02
4 2 5 5 0.00
4 2 5 6 171.47
4 2 6 0 83.83
4 2 6 1 114.46
4 2 6 2 133.19
4 2 6 3 93.76
4 2 6 4 193.79
4 2 6 5 69.36
4 2 6 6 0.00
4 3 0 0 0.00
4 3 0 1 42.40
4 3 0 2 43.20
4 3 0 3 46.90
4 3 0 4 43.58
4 3 0 5 28.27
4 3 0 6 44.86
4 3 1 0 31.68
4 3 1 1 0.00
4 3 1 2 26.69
4 3 1 3 26.51
4 3 1 4 29.00
4 3 1 5 23.20
4 3 1 6 23.56
4 3 2 0 35.78
4 3 2 1 25.94
4 3 2 2 0.00
4 3 2 3 23.22
4 3 2 4 41.72
4 3 2 5 36.04
4 3 2 6 35.63
4 3 3 0 20.91
4 3 3 1 33.99
4 3 3 2 42.70
4 3 3 3 0.00
4 3 3 4 19.84
4 3 3 5 17.06
4 3 3 6 43.06
4 3 4 0 27.43
4 3 4 1 38.40
4 3 4 2 60.60
4 3 4 3 25.00
4 3 4 4 0.00
4 3 4 5 44.45
4 3 4 6 39.45
4 3 5 0 49.22
4 3 5 1 35.08
4 3 5 2 28.16
4 3 5 3 52.29
4 3 5 4 40.13
4 3 5 5 0.00
4 3 5 6 37.05
4 3 6 0 37.02
4 3 6 1 38.12
4 3 6 2 37.14
4 3 6 3 57.13
4 3 6 4 72.41
4 3 6 5 19.60
4 3 6 6 0.00
4 4 0 0 0.00
4 4 0 1 0.00
4 4 0 2 0.00
4 4 0 3 0.00
4 4 0 4 0.00
4 4 0 5 0.00
4 4 0 6 0.00
4 4 1 0 0.00
4 4 1 1 0.00
4 4 1 2 0.00
4 4 1 3 0.00
4 4 1 4 0.00
4 4 1 5 0.00
4 4 1 6 0.00
4 4 2 0 0.00
4 4 2 1 0.00
4 4 2 2 0.00
4 4 2 3 0.00
4 4 2 4 0.00
4 4 2 5 0.00
4 4 2 6 0.00
4 4 3 0 0.00
4 4 3 1 0.00
4 4 3 2 0.00
4 4 3 3 0.00
4 4 3 4 0.00
4 4 3 5 0.00
4 4 3 6 0.00
4 4 4 0 0.00
4 4 4 1 0.00
4 4 4 2 0.00
4 4 4 3 0.00
4 4 4 4 0.00
4 4 4 5 0.00
4 4 4 6 0.00
4 4 5 0 0.00
4 4 5 1 0.00
4 4 5 2 0.00
4 4 5 3 0.00
4 4 5 4 0.00
4 4 5 5 0.00
4 4 5 6 0.00
4 4 6 0 0.00
4 4 6 1 0.00
4 4 6 2 0.00
4 4 6 3 0.00
4 4 6 4 0.00
4 4 6 5 0.00
4 4 6 6 0.00
4 5 0 0 0.00
4 5 0 1 105.30
4 5 0 2 66.18
4 5 0 3 90.91
4 5 0 4 60.90
4 5 0 5 63.08
4 5 0 6 63.26
4 5 1 0 98.25
4 5 1 1 0.00
4 5 1 2 110.07
4 5 1 3 60.89
4 5 1 4 52.61
4 5 1 5 63.51
4 5 1 6 41.54
4 5 2 0 94.28
4 5 2 1 33.20
4 5 2 2 0.00
4 5 2 3 46.51
4 5 2 4 51.69
4 5 2 5 104.26
4 5 2 6 85.59
4 5 3 0 72.59
4 5 3 1 139.92
4 5 3 2 87.30
4 5 3 3 0.00
4 5 3 4 69.06
4 5 3 5 32.36
4 5 3 6 142.10
4 5 4 0 73.59
4 5 4 1 82.26
4 5 4 2 161.68
4 5 4 3 29.39
4 5 4 4 0.00
4 5 4 5 144.00
4 5 4 6 58.57
4 5 5 0 108.04
4 5 5 1 54.45
4 5 5 2 65.15
4 5 5 3 129.90
4 5 5 4 50.89
4 5 5 5 0.00
4 5 5 6 127.05
4 5 6 0 104.96
4 5 6 1 87.27
4 5 6 2 114.23
4 5 6 3 74.18
4 5 6 4 121.28
4 5 6 5 66.28
4 5 6 6 0.00
4 6 0 0 0.00
4 6 0 1 115.43
4 6 0 2 87.50
4 6 0 3 60.86
4 6 0 4 71.19
4 6 0 5 49.56
4 6 0 6 79.13
4 6 1 0 113.09
4 6 1 1 0.00
4 6 1 2 56.17
4 6 1 3 47.65
4 6 1 4 43.70
4 6 1 5 46.76
4 6 1 6 55.68
4 6 2 0 64.20
4 6 2 1 41.77
4 6 2 2 0.00
4 6 2 3 29.03
4 6 2 4 70.89
4 6 2 5 71.95
4 6 2 6 79.61
4 6 3 0 64.13
4 6 3 1 61.98
4 6 3 2 79.58
4 6 3 3 0.00
4 6 3 4 25.69
4 6 3 5 31.73
4 6 3 6 80.14
4 6 4 0 47.73
4 6 4 1 79.60
4 6 4 2 112.28
4 6 4 3 36.17
4 6 4 4 0.00
4 6 4 5 64.21
4 6 4 6 81.00
4 6 5 0 92.12
4 6 5 1 57.68
4 6 5 2 42.55
4 6 5 3 121.63
4 6 5 4 88.58
4 6 5 5 0.00
4 6 5 6 117.20
4 6 6 0 74.75
4 6 6 1 47.78
4 6 6 2 50.36
4 6 6 3 92.29
4 6 6 4 87.43
4 6 6 5 74.85
4 6 6 6 0.00
5 0 0 0 0.00
5 0 0 1 150.29
5 0 0 2 57.98
5 0 0 3 69.47
5 0 0 4 94.62
5 0 0 5 66.41
5 0 0 6 99.41
5 0 1 0 127.24
5 0 1 1 0.00
5 0 1 2 98.63
5 0 1 3 83.27
5 0 1 4 61.02
5 0 1 5 89.20
5 0 1 6 88.51
5 0 2 0 66.45
5 0 2 1 39.02
5 0 2 2 0.00
5 0 2 3 62.28
5 0 2 4 94.99
5 0 2 5 128.65
5 0 2 6 135.09
5 0 3 0 95.88
5 0 3 1 125.61
5 0 3 2 63.52
5 0 3 3 0.00
5 0 3 4 56.84
5 0 3 5 64.15
5 0 3 6 88.81
5 0 4 0 76.69
5 0 4 1 162.92
5 0 4 2 185.99
5 0 4 3 28.65
5 0 4 4 0.00
5 0 4 5 138.86
5 0 4 6 113.98
5 0 5 0 196.00
5 0 5 1 94.57
5 0 5 2 90.07
5 0 5 3 127.14
5 0 5 4 81.44
5 0 5 5 0.00
5 0 5 6 134.17
5 0 6 0 117.94
5 0 6 1 69.20
5 0 6 2 72.52
5 0 6 3 100.99
5 0 6 4 127.27
5 0 6 5 60.94
5 0 6 6 0.00
5 1 0 0 0.00
5 1 0 1 90.62
5 1 0 2 61.70
5 1 0 3 80.08
5 1 0 4 35.65
5 1 0 5 40.36
5 1 0 6 39.54
5 1 1 0 72.09
5 1 1 1 0.00
5 1 1 2 44.46
5 1 1 3 48.97
5 1 1 4 60.25
5 1 1 5 30.02
5 1 1 6 54.77
5 1 2 0 61.17
5 1 2 1 34.34
5 1 2 2 0.00
5 1 2 3 37.69
5 1 2 4 70.13
5 1 2 5 67.41
5 1 2 6 67.57
5 1 3 0 45.61
5 1 3 1 91.89
5 1 3 2 63.91
5 1 3 3 0.00
5 1 3 4 42.02
5 1 3 5 21.70
5 1 3 6 62.72
5 1 4 0 54.28
5 1 4 1 48.06
5 1 4 2 116.48
5 1 4 3 34.51
5 1 4 4 0.00
5 1 4 5 58.16
5 1 4 6 58.15
5 1 5 0 65.51
5 1 5 1 64.00
5 1 5 2 43.12
5 1 5 3 109.89
5 1 5 4 76.51
5 1 5 5 0.00
5 1 5 6 60.02
5 1 6 0 44.37
5 1 6 1 51.17
5 1 6 2 72.16
5 1 6 3 44.20
5 1 6 4 68.50
5 1 6 5 57.87
5 1 6 6 0.00
5 2 0 0 0.00
5 2 0 1 54.56
5 2 0 2 37.55
5 2 0 3 80.60
5 2 0 4 68.34
5 2 0 5 52.10
5 2 0 6 73.86
5 2 1 0 91.47
5 2 1 1 0.00
5 2 1 2 69.41
5 2 1 3 88.03
5 2 1 4 46.27
5 2 1 5 48.86
5 2 1 6 27.64
5 2 2 0 43.15
5 2 2 1 47.55
5 2 2 2 0.00
5 2 2 3 52.72
5 2 2 4 52.75
5 2 2 5 79.43
5 2 2 6 56.20
5 2 3 0 39.51
5 2 3 1 58.13
5 2 3 2 66.65
5 2 3 3 0.00
5 2 3 4 37.07
5 2 3 5 26.68
5 2 3 6 91.49
5 2 4 0 54.42
5 2 4 1 62.96
5 2 4 2 56.85
5 2 4 3 41.01
5 2 4 4 0.00
5 2 4 5 73.13
5 2 4 6 71.54
5 2 5 0 72.12
5 2 5 1 62.76
5 2 5 2 81.00
5 2 5 3 76.36
5 2 5 4 75.48
5 2 5 5 0.00
5 2 5 6 115.20
5 2 6 0 59.98
5 2 6 1 48.98
5 2 6 2 65.26
5 2 6 3 60.00
5 2 6 4 104.56
5 2 6 5 37.87
5 2 6 6 0.00
5 3 0 0 0.00
5 3 0 1 170.48
5 3 0 2 81.63
5 3 0 3 174.44
5 3 0 4 82.70
5 3 0 5 57.24
5 3 0 6 134.13
5 3 1 0 150.67
5 3 1 1 0.00
5 3 1 2 87.11
5 3 1 3 97.83
5 3 1 4 88.04
5 3 1 5 44.05
5 3 1 6 67.16
5 3 2 0 109.22
5 3 2 1 80.09
5 3 2 2 0.00
5 3 2 3 56.51
5 3 2 4 104.58
5 3 2 5 134.49
5 3 2 6 123.85
5 3 3 0 114.52
5 3 3 1 178.62
5 3 3 2 63.06
5 3 3 3 0.00
5 3 3 4 85.80
5 3 3 5 71.22
5 3 3 6 171.53
5 3 4 0 51.75
5 3 4 1 175.49
5 3 4 2 103.37
5 3 4 3 44.01
5 3 4 4 0.00
5 3 4 5 113.44
5 3 4 6 117.02
5 3 5 0 122.21
5 3 5 1 65.88
5 3 5 2 98.70
5 3 5 3 225.00
5 3 5 4 89.50
5 3 5 5 0.00
5 3 5 6 151.85
5 3 6 0 56.70
5 3 6 1 100.96
5 3 6 2 138.02
5 3 6 3 174.28
5 3 6 4 208.07
5 3 6 5 120.74
5 3 6 6 0.00
5 4 0 0 0.00
5 4 0 1 113.85
5 4 0 2 93.99
5 4 0 3 66.56
5 4 0 4 50.35
5 4 0 5 53.28
5 4 0 6 95.75
5 4 1 0 77.96
5 4 1 1 0.00
5 4 1 2 72.74
5 4 1 3 50.72
5 4 1 4 37.23
5 4 1 5 33.75
5 4 1 6 67.55
5 4 2 0 47.16
5 4 2 1 59.05
5 4 2 2 0.00
5 4 2 3 29.46
5 4 2 4 61.56
5 4 2 5 64.86
5 4 2 6 70.16
5 4 3 0 72.08
5 4 3 1 57.72
5 4 3 2 56.65
5 4 3 3 0.00
5 4 3 4 40.52
5 4 3 5 23.40
5 4 3 6 139.20
5 4 4 0 71.87
5 4 4 1 89.94
5 4 4 2 73.80
5 4 4 3 35.39
5 4 4 4 0.00
5 4 4 5 110.63
5 4 4 6 66.65
5 4 5 0 136.35
5 4 5 1 42.25
5 4 5 2 43.42
5 4 5 3 134.06
5 4 5 4 100.00
5 4 5 5 0.00
5 4 5 6 107.07
5 4 6 0 73.66
5 4 6 1 39.62
5 4 6 2 107.62
5 4 6 3 128.67
5 4 6 4 144.15
5 4 6 5 37.40
5 4 6 6 0.00
5 5 0 0 0.00
5 5 0 1 0.00
5 5 0 2 0.00
5 5 0 3 0.00
5 5 0 4 0.00
5 5 0 5 0.00
5 5 0 6 0.00
5 5 1 0 0.00
5 5 1 1 0.00
5 5 1 2 0.00
5 5 1 3 0.00
5 5 1 4 0.00
5 5 1 5 0.00
5 5 1 6 0.00
5 5 2 0 0.00
5 5 2 1 0.00
5 5 2 2 0.00
5 5 2 3 0.00
5 5 2 4 0.00
5 5 2 5 0.00
5 5 2 6 0.00
5 5 3 0 0.00
5 5 3 1 0.00
5 5 3 2 0.00
5 5 3 3 0.00
5 5 3 4 0.00
5 5 3 5 0.00
5 5 3 6 0.00
5 5 4 0 0.00
5 5 4 1 0.00
5 5 4 2 0.00
5 5 4 3 0.00
5 5 4 4 0.00
5 5 4 5 0.00
5 5 4 6 0.00
5 5 5 0 0.00
5 5 5 1 0.00
5 5 5 2 0.00
5 5 5 3 0.00
5 5 5 4 0.00
5 5 5 5 0.00
5 5 5 6 0.00
5 5 6 0 0.00
5 5 6 1 0.00
5 5 6 2 0.00
5 5 6 3 0.00
5 5 6 4 0.00
5 5 6 5 0.00
5 5 6 6 0.00
5 6 0 0 0.00
5 6 0 1 81.97
5 6 0 2 135.22
5 6 0 3 92.28
5 6 0 4 115.15
5 6 0 5 72.88
5 6 0 6 120.64
5 6 1 0 162.66
5 6 1 1 0.00
5 6 1 2 113.37
5 6 1 3 92.72
5 6 1 4 75.47
5 6 1 5 46.45
5 6 1 6 93.91
5 6 2 0 50.10
5 6 2 1 73.05
5 6 2 2 0.00
5 6 2 3 71.14
5 6 2 4 89.33
5 6 2 5 79.67
5 6 2 6 88.31
5 6 3 0 98.37
5 6 3 1 119.75
5 6 3 2 50.95
5 6 3 3 0.00
5 6 3 4 60.30
5 6 3 5 61.56
5 6 3 6 115.03
5 6 4 0 55.11
5 6 4 1 149.22
5 6 4 2 205.97
5 6 4 3 59.13
5 6 4 4 0.00
5 6 4 5 93.14
5 6 4 6 95.21
5 6 5 0 103.90
5 6 5 1 103.34
5 6 5 2 59.49
5 6 5 3 179.61
5 6 5 4 107.86
5 6 5 5 0.00
5 6 5 6 196.00
5 6 6 0 96.70
5 6 6 1 106.10
5 6 6 2 141.49
5 6 6 3 93.80
5 6 6 4 108.14
5 6 6 5 88.93
5 6 6 6 0.00
6 0 0 0 0.00
6 0 0 1 81.99
6 0 0 2 85.73
6 0 0 3 61.63
6 0 0 4 86.97
6 0 0 5 29.90
6 0 0 6 76.17
6 0 1 0 64.51
6 0 1 1 0.00
6 0 1 2 51.90
6 0 1 3 77.88
6 0 1 4 32.92
6 0 1 5 26.59
6 0 1 6 41.57
6 0 2 0 58.78
6 0 2 1 46.72
6 0 2 2 0.00
6 0 2 3 41.97
6 0 2 4 66.61
6 0 2 5 57.89
6 0 2 6 66.45
6 0 3 0 67.29
6 0 3 1 94.93
6 0 3 2 66.72
6 0 3 3 0.00
6 0 3 4 40.48
6 0 3 5 27.86
6 0 3 6 122.28
6 0 4 0 54.59
6 0 4 1 52.18
6 0 4 2 76.37
6 0 4 3 27.28
6 0 4 4 0.00
6 0 4 5 91.13
6 0 4 6 35.52
6 0 5 0 121.59
6 0 5 1 40.71
6 0 5 2 48.25
6 0 5 3 114.11
6 0 5 4 64.28
6 0 5 5 0.00
6 0 5 6 68.56
6 0 6 0 81.00
6 0 6 1 50.55
6 0 6 2 99.90
6 0 6 3 85.91
6 0 6 4 133.27
6 0 6 5 63.24
6 0 6 6 0.00
6 1 0 0 0.00
6 1 0 1 68.00
6 1 0 2 61.54
6 1 0 3 83.55
6 1 0 4 59.27
6 1 0 5 45.84
6 1 0 6 50.41
6 1 1 0 71.34
6 1 1 1 0.00
6 1 1 2 38.38
6 1 1 3 51.08
6 1 1 4 41.99
6 1 1 5 31.28
6 1 1 6 49.69
6 1 2 0 45.39
6 1 2 1 30.75
6 1 2 2 0.00
6 1 2 3 23.18
6 1 2 4 66.34
6 1 2 5 90.39
6 1 2 6 36.16
6 1 3 0 30.25
6 1 3 1 63.93
6 1 3 2 67.65
6 1 3 3 0.00
6 1 3 4 35.33
6 1 3 5 20.10
6 1 3 6 49.91
6 1 4 0 46.81
6 1 4 1 53.94
6 1 4 2 100.83
6 1 4 3 22.15
6 1 4 4 0.00
6 1 4 5 82.39
6 1 4 6 49.41
6 1 5 0 91.53
6 1 5 1 52.22
6 1 5 2 56.55
6 1 5 3 88.55
6 1 5 4 54.63
6 1 5 5 0.00
6 1 5 6 63.32
6 1 6 0 63.41
6 1 6 1 64.00
6 1 6 2 86.27
6 1 6 3 86.27
6 1 6 4 106.56
6 1 6 5 65.43
6 1 6 6 0.00
6 2 0 0 0.00
6 2 0 1 134.46
6 2 0 2 65.53
6 2 0 3 101.63
6 2 0 4 59.36
6 2 0 5 68.71
6 2 0 6 95.73
6 2 1 0 83.73
6 2 1 1 0.00
6 2 1 2 59.46
6 2 1 3 107.95
6 2 1 4 40.06
6 2 1 5 45.39
6 2 1 6 77.64
6 2 2 0 54.38
6 2 2 1 45.67
6 2 2 2 0.00
6 2 2 3 33.77
6 2 2 4 57.36
6 2 2 5 133.73
6 2 2 6 71.85
6 2 3 0 77.31
6 2 3 1 80.41
6 2 3 2 90.23
6 2 3 3 0.00
6 2 3 4 49.05
6 2 3 5 38.73
6 2 3 6 107.49
6 2 4 0 79.17
6 2 4 1 131.22
6 2 4 2 125.79
6 2 4 3 36.60
6 2 4 4 0.00
6 2 4 5 130.39
6 2 4 6 60.79
6 2 5 0 108.49
6 2 5 1 92.72
6 2 5 2 59.47
6 2 5 3 145.98
6 2 5 4 92.54
6 2 5 5 0.00
6 2 5 6 122.34
6 2 6 0 99.99
6 2 6 1 49.80
6 2 6 2 144.00
6 2 6 3 92.62
6 2 6 4 105.85
6 2 6 5 82.25
6 2 6 6 0.00
6 3 0 0 0.00
6 3 0 1 74.45
6 3 0 2 79.74
6 3 0 3 139.42
6 3 0 4 110.56
6 3 0 5 49.76
6 3 0 6 60.01
6 3 1 0 122.84
6 3 1 1 0.00
6 3 1 2 86.46
6 3 1 3 80.98
6 3 1 4 63.21
6 3 1 5 38.27
6 3 1 6 58.25
6 3 2 0 75.46
6 3 2 1 56.43
6 3 2 2 0.00
6 3 2 3 72.20
6 3 2 4 64.85
6 3 2 5 66.53
6 3 2 6 78.69
6 3 3 0 41.74
6 3 3 1 88.62
6 3 3 2 66.20
6 3 3 3 0.00
6 3 3 4 88.90
6 3 3 5 60.83
6 3 3 6 82.66
6 3 4 0 88.90
6 3 4 1 80.55
6 3 4 2 151.25
6 3 4 3 50.87
6 3 4 4 0.00
6 3 4 5 84.78
6 3 4 6 93.56
6 3 5 0 175.21
6 3 5 1 97.62
6 3 5 2 47.40
6 3 5 3 187.78
6 3 5 4 80.33
6 3 5 5 0.00
6 3 5 6 144.42
6 3 6 0 84.79
6 3 6 1 94.98
6 3 6 2 103.90
6 3 6 3 169.00
6 3 6 4 86.92
6 3 6 5 79.75
6 3 6 6 0.00
6 4 0 0 0.00
6 4 0 1 93.29
6 4 0 2 100.97
6 4 0 3 116.16
6 4 0 4 141.50
6 4 0 5 39.02
6 4 0 6 147.09
6 4 1 0 131.99
6 4 1 1 0.00
6 4 1 2 123.40
6 4 1 3 114.22
6 4 1 4 102.49
6 4 1 5 95.14
6 4 1 6 55.19
6 4 2 0 117.98
6 4 2 1 48.63
6 4 2 2 0.00
6 4 2 3 75.03
6 4 2 4 91.04
6 4 2 5 86.21
6 4 2 6 66.07
6 4 3 0 66.50
6 4 3 1 134.24
6 4 3 2 124.29
6 4 3 3 0.00
6 4 3 4 52.57
6 4 3 5 69.67
6 4 3 6 131.36
6 4 4 0 116.13
6 4 4 1 166.04
6 4 4 2 144.53
6 4 4 3 65.27
6 4 4 4 0.00
6 4 4 5 161.46
6 4 4 6 116.43
6 4 5 0 180.68
6 4 5 1 100.76
6 4 5 2 56.73
6 4 5 3 134.62
6 4 5 4 144.08
6 4 5 5 0.00
6 4 5 6 186.39
6 4 6 0 116.58
6 4 6 1 60.04
6 4 6 2 137.02
6 4 6 3 158.94
6 4 6 4 225.00
6 4 6 5 58.92
6 4 6 6 0.00
6 5 0 0 0.00
6 5 0 1 120.79
6 5 0 2 78.95
6 5 0 3 57.03
6 5 0 4 44.10
6 5 0 5 42.36
6 5 0 6 44.41
6 5 1 0 99.39
6 5 1 1 0.00
6 5 1 2 50.05
6 5 1 3 56.79
6 5 1 4 38.16
6 5 1 5 40.64
6 5 1 6 62.15
6 5 2 0 62.92
6 5 2 1 22.77
6 5 2 2 0.00
6 5 2 3 37.35
6 5 2 4 62.31
6 5 2 5 61.24
6 5 2 6 70.40
6 5 3 0 50.81
6 5 3 1 69.87
6 5 3 2 36.66
6 5 3 3 0.00
6 5 3 4 27.56
6 5 3 5 36.43
6 5 3 6 129.79
6 5 4 0 44.73
6 5 4 1 94.35
6 5 4 2 78.43
6 5 4 3 22.70
6 5 4 4 0.00
6 5 4 5 88.26
6 5 4 6 77.02
6 5 5 0 90.66
6 5 5 1 61.49
6 5 5 2 62.52
6 5 5 3 101.94
6 5 5 4 83.05
6 5 5 5 0.00
6 5 5 6 90.39
6 5 6 0 38.21
6 5 6 1 51.54
6 5 6 2 52.73
6 5 6 3 98.57
6 5 6 4 91.98
6 5 6 5 81.00
6 5 6 6 0.00
6 6 0 0 0.00
6 6 0 1 0.00
6 6 0 2 0.00
6 6 0 3 0.00
6 6 0 4 0.00
6 6 0 5 0.00
6 6 0 6 0.00
6 6 1 0 0.00
6 6 1 1 0.00
6 6 1 2 0.00
6 6 1 3 0.00
6 6 1 4 0.00
6 6 1 5 0.00
6 6 1 6 0.00
6 6 2 0 0.00
6 6 2 1 0.00
6 6 2 2 0.00
6 6 2 3 0.00
6 6 2 4 0.00
6 6 2 5 0.00
6 6 2 6 0.00
6 6 3 0 0.00
6 6 3 1 0.00
6 6 3 2 0.00
6 6 3 3 0.00
6 6 3 4 0.00
6 6 3 5 0.00
6 6 3 6 0.00
6 6 4 0 0.00
6 6 4 1 0.00
6 6 4 2 0.00
6 6 4 3 0.00
6 6 4 4 0.00
6 6 4 5 0.00
6 6 4 6 0.00
6 6 5 0 0.00
6 6 5 1 0.00
6 6 5 2 0.00
6 6 5 3 0.00
6 6 5 4 0.00
6 6 5 5 0.00
6 6 5 6 0.00
6 6 6 0 0.00
6 6 6 1 0.00
6 6 6 2 0.00
6 6 6 3 0.00
6 6 6 4 0.00
6 6 6 5 0.00
6 6 6 6 0.00

0 0 0 0 0.00
0 0 0 1 0.00
0 0 0 2 0.00
0 0 0 3 0.00
0 0 0 4 0.00
0 0 0 5 0.00
0 0 0 6 0.00
0 0 1 0 0.00
0 0 1 1 0.00
0 0 1 2 0.00
0 0 1 3 0.00
0 0 1 4 0.00
0 0 1 5 0.00
0 0 1 6 0.00
0 0 2 0 0.00
0 0 2 1 0.00
0 0 2 2 0.00
0 0 2 3 0.00
0 0 2 4 0.00
0 0 2 5 0.00
0 0 2 6 0.00
0 0 3 0 0.00
0 0 3 1 0.00
0 0 3 2 0.00
0 0 3 3 0.00
0 0 3 4 0.00
0 0 3 5 0.00
0 0 3 6 0.00
0 0 4 0 0.00
0 0 4 1 0.00
0 0 4 2 0.00
0 0 4 3 0.00
0 0 4 4 0.00
0 0 4 5 0.00
0 0 4 6 0.00
0 0 5 0 0.00
0 0 5 1 0.00
0 0 5 2 0.00
0 0 5 3 0.00
0 0 5 4 0.00
0 0 5 5 0.00
0 0 5 6 0.00
0 0 6 0 0.00
0 0 6 1 0.00
0 0 6 2 0.00
0 0 6 3 0.00
0 0 6 4 0.00
0 0 6 5 0.00
0 0 6 6 0.00
0 1 0 0 0.00
0 1 0 1 196.00
0 1 0 2 111.31
0 1 0 3 124.94
0 1 0 4 114.30
0 1 0 5 60.37
0 1 0 6 118.72
0 1 1 0 78.18
0 1 1 1 0.00
0 1 1 2 130.23
0 1 1 3 83.75
0 1 1 4 79.61
0 1 1 5 70.43
0 1 1 6 50.60
0 1 2 0 72.95
0 1 2 1 43.98
0 1 2 2 0.00
0 1 2 3 67.41
0 1 2 4 100.60
0 1 2 5 72.70
0 1 2 6 122.76
0 1 3 0 81.89
0 1 3 1 85.83
0 1 3 2 121.26
0 1 3 3 0.00
0 1 3 4 40.93
0 1 3 5 29.31
0 1 3 6 199.43
0 1 4 0 104.62
0 1 4 1 150.41
0 1 4 2 129.78
0 1 4 3 31.25
0 1 4 4 0.00
0 1 4 5 78.82
0 1 4 6 121.20
0 1 5 0 127.79
0 1 5 1 57.96
0 1 5 2 104.30
0 1 5 3 118.31
0 1 5 4 88.62
0 1 5 5 0.00
0 1 5 6 180.63
0 1 6 0 62.16
0 1 6 1 59.15
0 1 6 2 158.76
0 1 6 3 124.94
0 1 6 4 148.31
0 1 6 5 52.73
0 1 6 6 0.00
0 2 0 0 0.00
0 2 0 1 84.13
0 2 0 2 100.00
0 2 0 3 105.13
0 2 0 4 50.50
0 2 0 5 49.98
0 2 0 6 76.92
0 2 1 0 53.12
0 2 1 1 0.00
0 2 1 2 62.85
0 2 1 3 55.22
0 2 1 4 45.36
0 2 1 5 64.19
0 2 1 6 66.00
0 2 2 0 61.91
0 2 2 1 35.65
0 2 2 2 0.00
0 2 2 3 49.41
0 2 2 4 49.04
0 2 2 5 63.54
0 2 2 6 68.56
0 2 3 0 62.18
0 2 3 1 97.07
0 2 3 2 67.00
0 2 3 3 0.00
0 2 3 4 55.12
0 2 3 5 24.85
0 2 3 6 123.64
0 2 4 0 61.08
0 2 4 1 49.65
0 2 4 2 92.41
0 2 4 3 21.04
0 2 4 4 0.00
0 2 4 5 60.11
0 2 4 6 77.28
0 2 5 0 94.02
0 2 5 1 73.39
0 2 5 2 45.59
0 2 5 3 71.19
0 2 5 4 66.06
0 2 5 5 0.00
0 2 5 6 132.51
0 2 6 0 67.43
0 2 6 1 46.59
0 2 6 2 63.10
0 2 6 3 105.61
0 2 6 4 101.85
0 2 6 5 52.16
0 2 6 6 0.00
0 3 0 0 0.00
0 3 0 1 77.76
0 3 0 2 52.88
0 3 0 3 144.00
0 3 0 4 75.91
0 3 0 5 63.60
0 3 0 6 97.30
0 3 1 0 85.33
0 3 1 1 0.00
0 3 1 2 89.28
0 3 1 3 50.66
0 3 1 4 52.76
0 3 1 5 73.49
0 3 1 6 52.40
0 3 2 0 48.71
0 3 2 1 62.73
0 3 2 2 0.00
0 3 2 3 31.43
0 3 2 4 55.10
0 3 2 5 70.03
0 3 2 6 57.94
0 3 3 0 68.34
0 3 3 1 80.37
0 3 3 2 93.70
0 3 3 3 0.00
0 3 3 4 56.47
0 3 3 5 57.40
0 3 3 6 120.20
0 3 4 0 41.97
0 3 4 1 118.09
0 3 4 2 111.45
0 3 4 3 30.95
0 3 4 4 0.00
0 3 4 5 133.51
0 3 4 6 49.12
0 3 5 0 99.65
0 3 5 1 40.35
0 3 5 2 69.83
0 3 5 3 103.65
0 3 5 4 74.40
0 3 5 5 0.00
0 3 5 6 108.87
0 3 6 0 81.17
0 3 6 1 53.62
0 3 6 2 69.37
0 3 6 3 84.20
0 3 6 4 163.58
0 3 6 5 70.98
0 3 6 6 0.00
0 4 0 0 0.00
0 4 0 1 135.86
0 4 0 2 98.80
0 4 0 3 92.88
0 4 0 4 100.00
0 4 0 5 45.03
0 4 0 6 106.83
0 4 1 0 109.96
0 4 1 1 0.00
0 4 1 2 45.37
0 4 1 3 73.46
0 4 1 4 75.30
0 4 1 5 40.27
0 4 1 6 57.96
0 4 2 0 35.87
0 4 2 1 55.17
0 4 2 2 0.00
0 4 2 3 38.51
0 4 2 4 66.31
0 4 2 5 67.65
0 4 2 6 46.95
0 4 3 0 56.37
0 4 3 1 120.71
0 4 3 2 62.90
0 4 3 3 0.00
0 4 3 4 65.25
0 4 3 5 40.33
0 4 3 6 123.16
0 4 4 0 68.19
0 4 4 1 64.81
0 4 4 2 131.67
0 4 4 3 33.49
0 4 4 4 0.00
0 4 4 5 80.49
0 4 4 6 76.73
0 4 5 0 87.62
0 4 5 1 37.87
0 4 5 2 39.44
0 4 5 3 110.91
0 4 5 4 67.90
0 4 5 5 0.00
0 4 5 6 94.15
0 4 6 0 76.76
0 4 6 1 68.16
0 4 6 2 115.12
0 4 6 3 125.88
0 4 6 4 98.46
0 4 6 5 72.45
0 4 6 6 0.00
0 5 0 0 0.00
0 5 0 1 80.96
0 5 0 2 48.87
0 5 0 3 62.65
0 5 0 4 32.85
0 5 0 5 36.00
0 5 0 6 35.12
0 5 1 0 58.59
0 5 1 1 0.00
0 5 1 2 27.69
0 5 1 3 52.71
0 5 1 4 36.96
0 5 1 5 33.76
0 5 1 6 36.33
0 5 2 0 35.24
0 5 2 1 26.47
0 5 2 2 0.00
0 5 2 3 33.48
0 5 2 4 33.19
0 5 2 5 30.49
0 5 2 6 32.97
0 5 3 0 27.58
0 5 3 1 37.16
0 5 3 2 35.74
0 5 3 3 0.00
0 5 3 4 41.28
0 5 3 5 21.60
0 5 3 6 78.38
0 5 4 0 23.04
0 5 4 1 30.60
0 5 4 2 70.47
0 5 4 3 26.22
0 5 4 4 0.00
0 5 4 5 36.30
0 5 4 6 42.69
0 5 5 0 50.95
0 5 5 1 37.85
0 5 5 2 22.30
0 5 5 3 57.08
0 5 5 4 43.14
0 5 5 5 0.00
0 5 5 6 76.08
0 5 6 0 35.47
0 5 6 1 21.70
0 5 6 2 53.38
0 5 6 3 48.06
0 5 6 4 69.80
0 5 6 5 49.01
0 5 6 6 0.00
0 6 0 0 0.00
0 6 0 1 133.80
0 6 0 2 57.41
0 6 0 3 116.58
0 6 0 4 96.80
0 6 0 5 52.25
0 6 0 6 121.00
0 6 1 0 102.30
0 6 1 1 0.00
0 6 1 2 46.70
0 6 1 3 93.99
0 6 1 4 36.11
0 6 1 5 33.97
0 6 1 6 34.43
0 6 2 0 37.88
0 6 2 1 42.56
0 6 2 2 0.00
0 6 2 3 41.87
0 6 2 4 55.01
0 6 2 5 130.65
0 6 2 6 93.13
0 6 3 0 80.78
0 6 3 1 66.08
0 6 3 2 92.04
0 6 3 3 0.00
0 6 3 4 55.36
0 6 3 5 47.56
0 6 3 6 120.28
0 6 4 0 36.27
0 6 4 1 87.36
0 6 4 2 70.56
0 6 4 3 41.03
0 6 4 4 0.00
0 6 4 5 57.88
0 6 4 6 68.85
0 6 5 0 115.53
0 6 5 1 72.79
0 6 5 2 56.91
0 6 5 3 108.11
0 6 5 4 78.62
0 6 5 5 0.00
0 6 5 6 83.59
0 6 6 0 41.64
0 6 6 1 48.75
0 6 6 2 121.42
0 6 6 3 75.21
0 6 6 4 134.50
0 6 6 5 75.34
0 6 6 6 0.00
1 0 0 0 0.00
1 0 0 1 95.39
1 0 0 2 103.84
1 0 0 3 127.18
1 0 0 4 64.16
1 0 0 5 66.87
1 0 0 6 93.05
1 0 1 0 169.00
1 0 1 1 0.00
1 0 1 2 81.68
1 0 1 3 107.38
1 0 1 4 86.06
1 0 1 5 51.43
1 0 1 6 48.12
1 0 2 0 60.53
1 0 2 1 49.48
1 0 2 2 0.00
1 0 2 3 68.53
1 0 2 4 63.86
1 0 2 5 99.81
1 0 2 6 72.65
1 0 3 0 67.15
1 0 3 1 96.19
1 0 3 2 103.77
1 0 3 3 0.00
1 0 3 4 55.24
1 0 3 5 41.97
1 0 3 6 129.68
1 0 4 0 73.80
1 0 4 1 65.88
1 0 4 2 154.97
1 0 4 3 58.34
1 0 4 4 0.00
1 0 4 5 115.05
1 0 4 6 109.58
1 0 5 0 144.06
1 0 5 1 68.52
1 0 5 2 72.43
1 0 5 3 120.33
1 0 5 4 107.97
1 0 5 5 0.00
1 0 5 6 151.00
1 0 6 0 59.39
1 0 6 1 46.46
1 0 6 2 136.70
1 0 6 3 89.25
1 0 6 4 181.68
1 0 6 5 96.02
1 0 6 6 0.00
1 1 0 0 0.00
1 1 0 1 0.00
1 1 0 2 0.00
1 1 0 3 0.00
1 1 0 4 0.00
1 1 0 5 0.00
1 1 0 6 0.00
1 1 1 0 0.00
1 1 1 1 0.00
1 1 1 2 0.00
1 1 1 3 0.00
1 1 1 4 0.00
1 1 1 5 0.00
1 1 1 6 0.00
1 1 2 0 0.00
1 1 2 1 0.00
1 1 2 2 0.00
1 1 2 3 0.00
1 1 2 4 0.00
1 1 2 5 0.00
1 1 2 6 0.00
1 1 3 0 0.00
1 1 3 1 0.00
1 1 3 2 0.00
1 1 3 3 0.00
1 1 3 4 0.00
1 1 3 5 0.00
1 1 3 6 0.00
1 1 4 0 0.00
1 1 4 1 0.00
1 1 4 2 0.00
1 1 4 3 0.00
1 1 4 4 0.00
1 1 4 5 0.00
1 1 4 6 0.00
1 1 5 0 0.00
1 1 5 1 0.00
1 1 5 2 0.00
1 1 5 3 0.00
1 1 5 4 0.00
1 1 5 5 0.00
1 1 5 6 0.00
1 1 6 0 0.00
1 1 6 1 0.00
1 1 6 2 0.00
1 1 6 3 0.00
1 1 6 4 0.00
1 1 6 5 0.00
1 1 6 6 0.00
1 2 0 0 0.00
1 2 0 1 62.60
1 2 0 2 58.60
1 2 0 3 73.02
1 2 0 4 88.13
1 2 0 5 38.59
1 2 0 6 47.26
1 2 1 0 77.20
1 2 1 1 0.00
1 2 1 2 100.00
1 2 1 3 40.50
1 2 1 4 67.73
1 2 1 5 66.22
1 2 1 6 57.17
1 2 2 0 37.28
1 2 2 1 50.97
1 2 2 2 0.00
1 2 2 3 35.82
1 2 2 4 83.47
1 2 2 5 82.88
1 2 2 6 71.89
1 2 3 0 53.28
1 2 3 1 75.41
1 2 3 2 61.15
1 2 3 3 0.00
1 2 3 4 52.23
1 2 3 5 30.86
1 2 3 6 136.85
1 2 4 0 77.17
1 2 4 1 57.70
1 2 4 2 119.57
1 2 4 3 26.15
1 2 4 4 0.00
1 2 4 5 71.50
1 2 4 6 64.85
1 2 5 0 68.66
1 2 5 1 43.22
1 2 5 2 63.60
1 2 5 3 136.46
1 2 5 4 43.63
1 2 5 5 0.00
1 2 5 6 94.04
1 2 6 0 65.99
1 2 6 1 69.27
1 2 6 2 71.08
1 2 6 3 125.25
1 2 6 4 77.82
1 2 6 5 46.44
1 2 6 6 0.00
1 3 0 0 0.00
1 3 0 1 86.18
1 3 0 2 46.25
1 3 0 3 54.37
1 3 0 4 56.70
1 3 0 5 40.43
1 3 0 6 70.84
1 3 1 0 120.25
1 3 1 1 0.00
1 3 1 2 44.39
1 3 1 3 100.00
1 3 1 4 55.94
1 3 1 5 42.65
1 3 1 6 56.53
1 3 2 0 33.35
1 3 2 1 54.75
1 3 2 2 0.00
1 3 2 3 26.94
1 3 2 4 56.62
1 3 2 5 86.25
1 3 2 6 50.34
1 3 3 0 61.80
1 3 3 1 58.51
1 3 3 2 71.93
1 3 3 3 0.00
1 3 3 4 50.48
1 3 3 5 39.43
1 3 3 6 140.09
1 3 4 0 55.51
1 3 4 1 110.77
1 3 4 2 128.02
1 3 4 3 48.92
1 3 4 4 0.00
1 3 4 5 95.00
1 3 4 6 64.05
1 3 5 0 77.47
1 3 5 1 66.67
1 3 5 2 83.29
1 3 5 3 108.04
1 3 5 4 96.16
1 3 5 5 0.00
1 3 5 6 67.97
1 3 6 0 72.66
1 3 6 1 53.85
1 3 6 2 83.38
1 3 6 3 74.26
1 3 6 4 113.44
1 3 6 5 86.25
1 3 6 6 0.00
1 4 0 0 0.00
1 4 0 1 86.49
1 4 0 2 73.87
1 4 0 3 58.58
1 4 0 4 76.91
1 4 0 5 28.10
1 4 0 6 62.47
1 4 1 0 66.61
1 4 1 1 0.00
1 4 1 2 32.76
1 4 1 3 44.11
1 4 1 4 64.00
1 4 1 5 32.44
1 4 1 6 36.25
1 4 2 0 51.79
1 4 2 1 22.09
1 4 2 2 0.00
1 4 2 3 26.15
1 4 2 4 34.42
1 4 2 5 63.38
1 4 2 6 47.95
1 4 3 0 34.86
1 4 3 1 52.67
1 4 3 2 61.70
1 4 3 3 0.00
1 4 3 4 30.21
1 4 3 5 37.80
1 4 3 6 63.56
1 4 4 0 44.72
1 4 4 1 71.86
1 4 4 2 77.04
1 4 4 3 35.45
1 4 4 4 0.00
1 4 4 5 51.26
1 4 4 6 37.92
1 4 5 0 61.90
1 4 5 1 33.12
1 4 5 2 48.10
1 4 5 3 81.73
1 4 5 4 68.02
1 4 5 5 0.00
1 4 5 6 77.67
1 4 6 0 51.65
1 4 6 1 38.81
1 4 6 2 74.34
1 4 6 3 94.31
1 4 6 4 72.48
1 4 6 5 29.67
1 4 6 6 0.00
1 5 0 0 0.00
1 5 0 1 82.59
1 5 0 2 32.81
1 5 0 3 34.13
1 5 0 4 63.51
1 5 0 5 31.10
1 5 0 6 41.09
1 5 1 0 50.09
1 5 1 1 0.00
1 5 1 2 30.74
1 5 1 3 67.42
1 5 1 4 35.11
1 5 1 5 49.00
1 5 1 6 33.96
1 5 2 0 54.29
1 5 2 1 33.73
1 5 2 2 0.00
1 5 2 3 29.38
1 5 2 4 53.26
1 5 2 5 70.20
1 5 2 6 37.96
1 5 3 0 23.90
1 5 3 1 67.32
1 5 3 2 44.05
1 5 3 3 0.00
1 5 3 4 21.46
1 5 3 5 29.69
1 5 3 6 94.70
1 5 4 0 39.88
1 5 4 1 33.66
1 5 4 2 96.44
1 5 4 3 27.99
1 5 4 4 0.00
1 5 4 5 36.64
1 5 4 6 38.79
1 5 5 0 74.79
1 5 5 1 40.72
1 5 5 2 60.72
1 5 5 3 54.01
1 5 5 4 36.13
1 5 5 5 0.00
1 5 5 6 43.87
1 5 6 0 43.17
1 5 6 1 26.82
1 5 6 2 37.64
1 5 6 3 81.20
1 5 6 4 66.49
1 5 6 5 52.53
1 5 6 6 0.00
1 6 0 0 0.00
1 6 0 1 55.39
1 6 0 2 59.05
1 6 0 3 75.52
1 6 0 4 41.34
1 6 0 5 34.56
1 6 0 6 50.51
1 6 1 0 58.35
1 6 1 1 0.00
1 6 1 2 62.41
1 6 1 3 47.88
1 6 1 4 31.16
1 6 1 5 35.49
1 6 1 6 49.00
1 6 2 0 50.05
1 6 2 1 18.67
1 6 2 2 0.00
1 6 2 3 25.33
1 6 2 4 32.35
1 6 2 5 36.40
1 6 2 6 38.23
1 6 3 0 42.05
1 6 3 1 41.56
1 6 3 2 33.12
1 6 3 3 0.00
1 6 3 4 20.38
1 6 3 5 32.06
1 6 3 6 103.41
1 6 4 0 30.29
1 6 4 1 77.84
1 6 4 2 45.04
1 6 4 3 18.14
1 6 4 4 0.00
1 6 4 5 43.59
1 6 4 6 42.47
1 6 5 0 85.19
1 6 5 1 38.70
1 6 5 2 44.72
1 6 5 3 103.32
1 6 5 4 46.77
1 6 5 5 0.00
1 6 5 6 80.18
1 6 6 0 40.66
1 6 6 1 35.48
1 6 6 2 65.97
1 6 6 3 52.60
1 6 6 4 81.55
1 6 6 5 46.38
1 6 6 6 0.00
2 0 0 0 0.00
2 0 0 1 108.84
2 0 0 2 63.84
2 0 0 3 58.79
2 0 0 4 41.91
2 0 0 5 31.13
2 0 0 6 69.81
2 0 1 0 87.52
2 0 1 1 0.00
2 0 1 2 44.73
2 0 1 3 63.91
2 0 1 4 38.80
2 0 1 5 24.17
2 0 1 6 37.04
2 0 2 0 64.00
2 0 2 1 30.22
2 0 2 2 0.00
2 0 2 3 23.85
2 0 2 4 43.44
2 0 2 5 80.26
2 0 2 6 50.47
2 0 3 0 59.72
2 0 3 1 48.58
2 0 3 2 37.07
2 0 3 3 0.00
2 0 3 4 22.79
2 0 3 5 29.41
2 0 3 6 93.44
2 0 4 0 48.92
2 0 4 1 56.13
2 0 4 2 109.55
2 0 4 3 30.62
2 0 4 4 0.00
2 0 4 5 73.34
2 0 4 6 42.86
2 0 5 0 47.65
2 0 5 1 48.59
2 0 5 2 37.97
2 0 5 3 115.29
2 0 5 4 42.54
2 0 5 5 0.00
2 0 5 6 107.67
2 0 6 0 32.42
2 0 6 1 40.67
2 0 6 2 40.94
2 0 6 3 57.19
2 0 6 4 52.48
2 0 6 5 56.70
2 0 6 6 0.00
2 1 0 0 0.00
2 1 0 1 72.84
2 1 0 2 52.97
2 1 0 3 56.99
2 1 0 4 24.66
2 1 0 5 27.95
2 1 0 6 35.47
2 1 1 0 62.26
2 1 1 1 0.00
2 1 1 2 31.01
2 1 1 3 32.78
2 1 1 4 41.67
2 1 1 5 18.42
2 1 1 6 32.45
2 1 2 0 28.09
2 1 2 1 36.00
2 1 2 2 0.00
2 1 2 3 24.73
2 1 2 4 36.13
2 1 2 5 56.41
2 1 2 6 43.63
2 1 3 0 45.61
2 1 3 1 61.25
2 1 3 2 29.62
2 1 3 3 0.00
2 1 3 4 37.43
2 1 3 5 16.03
2 1 3 6 87.62
2 1 4 0 34.32
2 1 4 1 35.77
2 1 4 2 75.95
2 1 4 3 27.85
2 1 4 4 0.00
2 1 4 5 53.65
2 1 4 6 47.59
2 1 5 0 81.14
2 1 5 1 29.65
2 1 5 2 51.71
2 1 5 3 67.82
2 1 5 4 41.94
2 1 5 5 0.00
2 1 5 6 82.31
2 1 6 0 23.13
2 1 6 1 21.63
2 1 6 2 48.08
2 1 6 3 31.25
2 1 6 4 52.86
2 1 6 5 23.99
2 1 6 6 0.00
2 2 0 0 0.00
2 2 0 1 0.00
2 2 0 2 0.00
2 2 0 3 0.00
2 2 0 4 0.00
2 2 0 5 0.00
2 2 0 6 0.00
2 2 1 0 0.00
2 2 1 1 0.00
2 2 1 2 0.00
2 2 1 3 0.00
2 2 1 4 0.00
2 2 1 5 0.00
2 2 1 6 0.00
2 2 2 0 0.00
2 2 2 1 0.00
2 2 2 2 0.00
2 2 2 3 0.00
2 2 2 4 0.00
2 2 2 5 0.00
2 2 2 6 0.00
2 2 3 0 0.00
2 2 3 1 0.00
2 2 3 2 0.00
2 2 3 3 0.00
2 2 3 4 0.00
2 2 3 5 0.00
2 2 3 6 0.00
2 2 4 0 0.00
2 2 4 1 0.00
2 2 4 2 0.00
2 2 4 3 0.00
2 2 4 4 0.00
2 2 4 5 0.00
2 2 4 6 0.00
2 2 5 0 0.00
2 2 5 1 0.00
2 2 5 2 0.00
2 2 5 3 0.00
2 2 5 4 0.00
2 2 5 5 0.00
2 2 5 6 0.00
2 2 6 0 0.00
2 2 6 1 0.00
2 2 6 2 0.00
2 2 6 3 0.00
2 2 6 4 0.00
2 2 6 5 0.00
2 2 6 6 0.00
2 3 0 0 0.00
2 3 0 1 60.24
2 3 0 2 37.81
2 3 0 3 52.79
2 3 0 4 26.03
2 3 0 5 17.97
2 3 0 6 58.27
2 3 1 0 33.37
2 3 1 1 0.00
2 3 1 2 39.62
2 3 1 3 34.89
2 3 1 4 41.52
2 3 1 5 25.95
2 3 1 6 18.15
2 3 2 0 26.49
2 3 2 1 26.92
2 3 2 2 0.00
2 3 2 3 36.00
2 3 2 4 42.37
2 3 2 5 37.69
2 3 2 6 42.49
2 3 3 0 23.64
2 3 3 1 74.78
2 3 3 2 38.87
2 3 3 3 0.00
2 3 3 4 29.25
2 3 3 5 26.07
2 3 3 6 86.75
2 3 4 0 24.36
2 3 4 1 36.05
2 3 4 2 65.79
2 3 4 3 13.54
2 3 4 4 0.00
2 3 4 5 63.13
2 3 4 6 25.46
2 3 5 0 69.25
2 3 5 1 35.53
2 3 5 2 38.99
2 3 5 3 66.95
2 3 5 4 28.84
2 3 5 5 0.00
2 3 5 6 81.91
2 3 6 0 37.14
2 3 6 1 30.12
2 3 6 2 38.08
2 3 6 3 40.74
2 3 6 4 85.70
2 3 6 5 34.83
2 3 6 6 0.00
2 4 0 0 0.00
2 4 0 1 59.36
2 4 0 2 36.42
2 4 0 3 97.66
2 4 0 4 68.67
2 4 0 5 49.18
2 4 0 6 74.50
2 4 1 0 107.32
2 4 1 1 0.00
2 4 1 2 67.17
2 4 1 3 67.00
2 4 1 4 43.41
2 4 1 5 33.14
2 4 1 6 29.27
2 4 2 0 36.82
2 4 2 1 37.62
2 4 2 2 0.00
2 4 2 3 28.56
2 4 2 4 81.00
2 4 2 5 100.58
2 4 2 6 42.50
2 4 3 0 47.00
2 4 3 1 72.73
2 4 3 2 44.00
2 4 3 3 0.00
2 4 3 4 34.44
2 4 3 5 28.73
2 4 3 6 67.16
2 4 4 0 40.58
2 4 4 1 102.70
2 4 4 2 130.07
2 4 4 3 29.30
2 4 4 4 0.00
2 4 4 5 63.91
2 4 4 6 40.51
2 4 5 0 105.99
2 4 5 1 31.48
2 4 5 2 37.51
2 4 5 3 74.12
2 4 5 4 72.85
2 4 5 5 0.00
2 4 5 6 72.64
2 4 6 0 65.00
2 4 6 1 67.88
2 4 6 2 106.39
2 4 6 3 105.04
2 4 6 4 87.85
2 4 6 5 69.90
2 4 6 6 0.00
2 5 0 0 0.00
2 5 0 1 129.63
2 5 0 2 108.45
2 5 0 3 117.35
2 5 0 4 54.28
2 5 0 5 30.93
2 5 0 6 101.50
2 5 1 0 137.67
2 5 1 1 0.00
2 5 1 2 109.68
2 5 1 3 69.46
2 5 1 4 39.51
2 5 1 5 43.03
2 5 1 6 48.65
2 5 2 0 89.14
2 5 2 1 59.09
2 5 2 2 0.00
2 5 2 3 59.88
2 5 2 4 84.44
2 5 2 5 144.00
2 5 2 6 94.33
2 5 3 0 80.98
2 5 3 1 101.63
2 5 3 2 69.67
2 5 3 3 0.00
2 5 3 4 66.29
2 5 3 5 26.98
2 5 3 6 79.24
2 5 4 0 52.21
2 5 4 1 66.39
2 5 4 2 126.82
2 5 4 3 57.16
2 5 4 4 0.00
2 5 4 5 140.35
2 5 4 6 85.20
2 5 5 0 153.09
2 5 5 1 67.84
2 5 5 2 63.22
2 5 5 3 88.63
2 5 5 4 62.99
2 5 5 5 0.00
2 5 5 6 92.27
2 5 6 0 51.68
2 5 6 1 94.70
2 5 6 2 60.50
2 5 6 3 108.88
2 5 6 4 156.54
2 5 6 5 75.86
2 5 6 6 0.00
2 6 0 0 0.00
2 6 0 1 63.97
2 6 0 2 94.91
2 6 0 3 63.11
2 6 0 4 47.15
2 6 0 5 49.62
2 6 0 6 48.98
2 6 1 0 98.64
2 6 1 1 0.00
2 6 1 2 45.55
2 6 1 3 72.62
2 6 1 4 59.41
2 6 1 5 66.83
2 6 1 6 38.17
2 6 2 0 59.26
2 6 2 1 53.45
2 6 2 2 0.00
2 6 2 3 54.65
2 6 2 4 78.70
2 6 2 5 114.92
2 6 2 6 100.00
2 6 3 0 41.54
2 6 3 1 66.75
2 6 3 2 67.66
2 6 3 3 0.00
2 6 3 4 63.06
2 6 3 5 30.60
2 6 3 6 89.75
2 6 4 0 75.63
2 6 4 1 96.29
2 6 4 2 69.60
2 6 4 3 30.61
2 6 4 4 0.00
2 6 4 5 53.90
2 6 4 6 83.65
2 6 5 0 137.45
2 6 5 1 40.77
2 6 5 2 75.57
2 6 5 3 99.96
2 6 5 4 95.81
2 6 5 5 0.00
2 6 5 6 102.64
2 6 6 0 53.38
2 6 6 1 49.21
2 6 6 2 67.71
2 6 6 3 113.31
2 6 6 4 148.15
2 6 6 5 63.28
2 6 6 6 0.00
3 0 0 0 0.00
3 0 0 1 71.24
3 0 0 2 76.50
3 0 0 3 74.65
3 0 0 4 50.98
3 0 0 5 42.51
3 0 0 6 53.55
3 0 1 0 83.28
3 0 1 1 0.00
3 0 1 2 35.25
3 0 1 3 37.86
3 0 1 4 36.02
3 0 1 5 53.04
3 0 1 6 32.61
3 0 2 0 32.72
3 0 2 1 33.74
3 0 2 2 0.00
3 0 2 3 43.34
3 0 2 4 30.59
3 0 2 5 69.83
3 0 2 6 33.38
3 0 3 0 64.00
3 0 3 1 60.59
3 0 3 2 59.94
3 0 3 3 0.00
3 0 3 4 49.41
3 0 3 5 19.42
3 0 3 6 49.29
3 0 4 0 32.04
3 0 4 1 60.00
3 0 4 2 100.08
3 0 4 3 18.39
3 0 4 4 0.00
3 0 4 5 60.95
3 0 4 6 47.76
3 0 5 0 53.00
3 0 5 1 61.41
3 0 5 2 36.66
3 0 5 3 50.60
3 0 5 4 34.55
3 0 5 5 0.00
3 0 5 6 92.32
3 0 6 0 29.71
3 0 6 1 62.02
3 0 6 2 44.19
3 0 6 3 67.09
3 0 6 4 70.15
3 0 6 5 69.91
3 0 6 6 0.00
3 1 0 0 0.00
3 1 0 1 121.18
3 1 0 2 114.87
3 1 0 3 69.48
3 1 0 4 77.02
3 1 0 5 43.66
3 1 0 6 76.39
3 1 1 0 163.99
3 1 1 1 0.00
3 1 1 2 63.97
3 1 1 3 92.50
3 1 1 4 54.88
3 1 1 5 64.17
3 1 1 6 72.16
3 1 2 0 91.70
3 1 2 1 73.63
3 1 2 2 0.00
3 1 2 3 35.89
3 1 2 4 74.73
3 1 2 5 137.51
3 1 2 6 126.69
3 1 3 0 49.56
3 1 3 1 169.00
3 1 3 2 58.00
3 1 3 3 0.00
3 1 3 4 77.42
3 1 3 5 50.34
3 1 3 6 137.90
3 1 4 0 69.28
3 1 4 1 132.58
3 1 4 2 103.35
3 1 4 3 42.44
3 1 4 4 0.00
3 1 4 5 107.31
3 1 4 6 78.23
3 1 5 0 147.89
3 1 5 1 60.70
3 1 5 2 79.28
3 1 5 3 88.50
3 1 5 4 119.48
3 1 5 5 0.00
3 1 5 6 167.61
3 1 6 0 103.67
3 1 6 1 42.80
3 1 6 2 154.22
3 1 6 3 118.07
3 1 6 4 189.40
3 1 6 5 84.42
3 1 6 6 0.00
3 2 0 0 0.00
3 2 0 1 81.28
3 2 0 2 64.11
3 2 0 3 57.20
3 2 0 4 82.50
3 2 0 5 36.65
3 2 0 6 49.03
3 2 1 0 111.17
3 2 1 1 0.00
3 2 1 2 64.95
3 2 1 3 88.74
3 2 1 4 57.66
3 2 1 5 60.25
3 2 1 6 34.34
3 2 2 0 50.04
3 2 2 1 29.52
3 2 2 2 0.00
3 2 2 3 31.45
3 2 2 4 73.64
3 2 2 5 52.03
3 2 2 6 46.25
3 2 3 0 49.08
3 2 3 1 54.68
3 2 3 2 81.00
3 2 3 3 0.00
3 2 3 4 47.38
3 2 3 5 41.55
3 2 3 6 80.19
3 2 4 0 40.25
3 2 4 1 94.49
3 2 4 2 108.35
3 2 4 3 33.60
3 2 4 4 0.00
3 2 4 5 67.30
3 2 4 6 66.17
3 2 5 0 83.98
3 2 5 1 61.82
3 2 5 2 76.64
3 2 5 3 111.58
3 2 5 4 57.31
3 2 5 5 0.00
3 2 5 6 109.70
3 2 6 0 46.62
3 2 6 1 53.52
3 2 6 2 53.23
3 2 6 3 62.21
3 2 6 4 75.88
3 2 6 5 40.58
3 2 6 6 0.00
3 3 0 0 0.00
3 3 0 1 0.00
3 3 0 2 0.00
3 3 0 3 0.00
3 3 0 4 0.00
3 3 0 5 0.00
3 3 0 6 0.00
3 3 1 0 0.00
3 3 1 1 0.00
3 3 1 2 0.00
3 3 1 3 0.00
3 3 1 4 0.00
3 3 1 5 0.00
3 3 1 6 0.00
3 3 2 0 0.00
3 3 2 1 0.00
3 3 2 2 0.00
3 3 2 3 0.00
3 3 2 4 0.00
3 3 2 5 0.00
3 3 2 6 0.00
3 3 3 0 0.00
3 3 3 1 0.00
3 3 3 2 0.00
3 3 3 3 0.00
3 3 3 4 0.00
3 3 3 5 0.00
3 3 3 6 0.00
3 3 4 0 0.00
3 3 4 1 0.00
3 3 4 2 0.00
3 3 4 3 0.00
3 3 4 4 0.00
3 3 4 5 0.00
3 3 4 6 0.00
3 3 5 0 0.00
3 3 5 1 0.00
3 3 5 2 0.00
3 3 5 3 0.00
3 3 5 4 0.00
3 3 5 5 0.00
3 3 5 6 0.00
3 3 6 0 0.00
3 3 6 1 0.00
3 3 6 2 0.00
3 3 6 3 0.00
3 3 6 4 0.00
3 3 6 5 0.00
3 3 6 6 0.00
3 4 0 0 0.00
3 4 0 1 75.46
3 4 0 2 39.46
3 4 0 3 35.02
3 4 0 4 30.38
3 4 0 5 16.90
3 4 0 6 49.28
3 4 1 0 46.61
3 4 1 1 0.00
3 4 1 2 51.81
3 4 1 3 31.55
3 4 1 4 45.02
3 4 1 5 37.28
3 4 1 6 37.54
3 4 2 0 45.14
3 4 2 1 39.24
3 4 2 2 0.00
3 4 2 3 21.05
3 4 2 4 59.09
3 4 2 5 48.30
3 4 2 6 65.14
3 4 3 0 45.01
3 4 3 1 66.18
3 4 3 2 30.50
3 4 3 3 0.00
3 4 3 4 49.00
3 4 3 5 28.98
3 4 3 6 61.86
3 4 4 0 46.28
3 4 4 1 35.30
3 4 4 2 78.19
3 4 4 3 19.50
3 4 4 4 0.00
3 4 4 5 82.86
3 4 4 6 49.61
3 4 5 0 54.25
3 4 5 1 24.07
3 4 5 2 57.68
3 4 5 3 68.59
3 4 5 4 35.29
3 4 5 5 0.00
3 4 5 6 88.77
3 4 6 0 32.27
3 4 6 1 50.34
3 4 6 2 41.95
3 4 6 3 88.37
3 4 6 4 82.81
3 4 6 5 30.29
3 4 6 6 0.00
3 5 0 0 0.00
3 5 0 1 41.81
3 5 0 2 29.82
3 5 0 3 28.23
3 5 0 4 47.05
3 5 0 5 29.36
3 5 0 6 53.04
3 5 1 0 40.59
3 5 1 1 0.00
3 5 1 2 38.78
3 5 1 3 42.60
3 5 1 4 17.96
3 5 1 5 15.11
3 5 1 6 15.77
3 5 2 0 20.81
3 5 2 1 17.11
3 5 2 2 0.00
3 5 2 3 15.01
3 5 2 4 31.71
3 5 2 5 55.87
3 5 2 6 40.16
3 5 3 0 25.46
3 5 3 1 36.37
3 5 3 2 28.06
3 5 3 3 0.00
3 5 3 4 33.11
3 5 3 5 25.00
3 5 3 6 42.31
3 5 4 0 18.42
3 5 4 1 48.77
3 5 4 2 40.02
3 5 4 3 10.27
3 5 4 4 0.00
3 5 4 5 48.80
3 5 4 6 24.98
3 5 5 0 48.80
3 5 5 1 35.08
3 5 5 2 40.95
3 5 5 3 57.23
3 5 5 4 30.61
3 5 5 5 0.00
3 5 5 6 43.80
3 5 6 0 43.30
3 5 6 1 17.29
3 5 6 2 55.33
3 5 6 3 35.00
3 5 6 4 33.71
3 5 6 5 37.64
3 5 6 6 0.00
3 6 0 0 0.00
3 6 0 1 200.50
3 6 0 2 97.92
3 6 0 3 177.31
3 6 0 4 61.80
3 6 0 5 55.26
3 6 0 6 113.25
3 6 1 0 86.44
3 6 1 1 0.00
3 6 1 2 116.43
3 6 1 3 134.23
3 6 1 4 101.34
3 6 1 5 92.84
3 6 1 6 90.86
3 6 2 0 60.87
3 6 2 1 48.85
3 6 2 2 0.00
3 6 2 3 37.07
3 6 2 4 55.54
3 6 2 5 122.80
3 6 2 6 135.94
3 6 3 0 55.26
3 6 3 1 169.47
3 6 3 2 132.22
3 6 3 3 0.00
3 6 3 4 96.01
3 6 3 5 42.72
3 6 3 6 225.00
3 6 4 0 78.74
3 6 4 1 111.31
3 6 4 2 128.69
3 6 4 3 62.20
3 6 4 4 0.00
3 6 4 5 107.97
3 6 4 6 126.36
3 6 5 0 150.67
3 6 5 1 88.06
3 6 5 2 125.22
3 6 5 3 157.40
3 6 5 4 143.27
3 6 5 5 0.00
3 6 5 6 184.88
3 6 6 0 74.74
3 6 6 1 77.11
3 6 6 2 143.70
3 6 6 3 163.36
3 6 6 4 198.13
3 6 6 5 127.59
3 6 6 6 0.00
4 0 0 0 0.00
4 0 0 1 110.18
4 0 0 2 54.91
4 0 0 3 71.36
4 0 0 4 34.03
4 0 0 5 47.01
4 0 0 6 42.70
4 0 1 0 50.02
4 0 1 1 0.00
4 0 1 2 55.29
4 0 1 3 48.87
4 0 1 4 38.17
4 0 1 5 53.55
4 0 1 6 28.00
4 0 2 0 61.26
4 0 2 1 42.74
4 0 2 2 0.00
4 0 2 3 34.98
4 0 2 4 33.07
4 0 2 5 82.68
4 0 2 6 52.47
4 0 3 0 36.92
4 0 3 1 79.42
4 0 3 2 38.16
4 0 3 3 0.00
4 0 3 4 31.46
4 0 3 5 34.32
4 0 3 6 87.87
4 0 4 0 64.00
4 0 4 1 45.61
4 0 4 2 52.23
4 0 4 3 39.05
4 0 4 4 0.00
4 0 4 5 77.89
4 0 4 6 36.00
4 0 5 0 69.81
4 0 5 1 28.18
4 0 5 2 51.98
4 0 5 3 60.41
4 0 5 4 78.20
4 0 5 5 0.00
4 0 5 6 58.15
4 0 6 0 59.85
4 0 6 1 33.88
4 0 6 2 64.36
4 0 6 3 79.96
4 0 6 4 54.79
4 0 6 5 54.57
4 0 6 6 0.00
4 1 0 0 0.00
4 1 0 1 164.95
4 1 0 2 116.15
4 1 0 3 106.99
4 1 0 4 110.04
4 1 0 5 32.72
4 1 0 6 77.37
4 1 1 0 121.18
4 1 1 1 0.00
4 1 1 2 49.19
4 1 1 3 85.64
4 1 1 4 90.56
4 1 1 5 64.13
4 1 1 6 77.00
4 1 2 0 81.09
4 1 2 1 62.75
4 1 2 2 0.00
4 1 2 3 66.31
4 1 2 4 78.91
4 1 2 5 131.68
4 1 2 6 68.23
4 1 3 0 56.03
4 1 3 1 103.79
4 1 3 2 81.16
4 1 3 3 0.00
4 1 3 4 66.68
4 1 3 5 55.33
4 1 3 6 98.33
4 1 4 0 94.16
4 1 4 1 144.00
4 1 4 2 72.68
4 1 4 3 55.10
4 1 4 4 0.00
4 1 4 5 122.04
4 1 4 6 90.13
4 1 5 0 82.53
4 1 5 1 90.02
4 1 5 2 97.72
4 1 5 3 95.54
4 1 5 4 104.10
4 1 5 5 0.00
4 1 5 6 163.61
4 1 6 0 95.13
4 1 6 1 54.45
4 1 6 2 126.76
4 1 6 3 62.88
4 1 6 4 80.02
4 1 6 5 66.83
4 1 6 6 0.00
4 2 0 0 0.00
4 2 0 1 117.51
4 2 0 2 87.70
4 2 0 3 104.57
4 2 0 4 91.42
4 2 0 5 41.20
4 2 0 6 76.85
4 2 1 0 192.99
4 2 1 1 0.00
4 2 1 2 140.82
4 2 1 3 84.27
4 2 1 4 62.37
4 2 1 5 97.64
4 2 1 6 102.15
4 2 2 0 87.74
4 2 2 1 75.97
4 2 2 2 0.00
4 2 2 3 43.83
4 2 2 4 106.36
4 2 2 5 175.55
4 2 2 6 61.36
4 2 3 0 102.61
4 2 3 1 165.82
4 2 3 2 113.53
4 2 3 3 0.00
4 2 3 4 102.68
4 2 3 5 38.17
4 2 3 6 128.68
4 2 4 0 98.41
4 2 4 1 97.66
4 2 4 2 225.00
4 2 4 3 61.29
4 2 4 4 0.00
4 2 4 5 138.70
4 2 4 6 79.33
4 2 5 0 93.06
4 2 5 1 78.49
4 2 5 2 91.28
4 2 5 3 109.67
4 2 5 4 84.02
4 2 5 5 0.00
4 2 5 6 171.47
4 2 6 0 83.83
4 2 6 1 114.46
4 2 6 2 133.19
4 2 6 3 93.76
4 2 6 4 193.79
4 2 6 5 69.36
4 2 6 6 0.00
4 3 0 0 0.00
4 3 0 1 42.40
4 3 0 2 43.20
4 3 0 3 46.90
4 3 0 4 43.58
4 3 0 5 28.27
4 3 0 6 44.86
4 3 1 0 31.68
4 3 1 1 0.00
4 3 1 2 26.69
4 3 1 3 26.51
4 3 1 4 29.00
4 3 1 5 23.20
4 3 1 6 23.56
4 3 2 0 35.78
4 3 2 1 25.94
4 3 2 2 0.00
4 3 2 3 23.22
4 3 2 4 41.72
4 3 2 5 36.04
4 3 2 6 35.63
4 3 3 0 20.91
4 3 3 1 33.99
4 3 3 2 42.70
4 3 3 3 0.00
4 3 3 4 19.84
4 3 3 5 17.06
4 3 3 6 43.06
4 3 4 0 27.43
4 3 4 1 38.40
4 3 4 2 60.60
4 3 4 3 25.00
4 3 4 4 0.00
4 3 4 5 44.45
4 3 4 6 39.45
4 3 5 0 49.22
4 3 5 1 35.08
4 3 5 2 28.16
4 3 5 3 52.29
4 3 5 4 40.13
4 3 5 5 0.00
4 3 5 6 37.05
4 3 6 0 37.02
4 3 6 1 38.12
4 3 6 2 37.14
4 3 6 3 57.13
4 3 6 4 72.41
4 3 6 5 19.60
4 3 6 6 0.00
4 4 0 0 0.00
4 4 0 1 0.00
4 4 0 2 0.00
4 4 0 3 0.00
4 4 0 4 0.00
4 4 0 5 0.00
4 4 0 6 0.00
4 4 1 0 0.00
4 4 1 1 0.00
4 4 1 2 0.00
4 4 1 3 0.00
4 4 1 4 0.00
4 4 1 5 0.00
4 4 1 6 0.00
4 4 2 0 0.00
4 4 2 1 0.00
4 4 2 2 0.00
4 4 2 3 0.00
4 4 2 4 0.00
4 4 2 5 0.00
4 4 2 6 0.00
4 4 3 0 0.00
4 4 3 1 0.00
4 4 3 2 0.00
4 4 3 3 0.00
4 4 3 4 0.00
4 4 3 5 0.00
4 4 3 6 0.00
4 4 4 0 0.00
4 4 4 1 0.00
4 4 4 2 0.00
4 4 4 3 0.00
4 4 4 4 0.00
4 4 4 5 0.00
4 4 4 6 0.00
4 4 5 0 0.00
4 4 5 1 0.00
4 4 5 2 0.00
4 4 5 3 0.00
4 4 5 4 0.00
4 4 5 5 0.00
4 4 5 6 0.00
4 4 6 0 0.00
4 4 6 1 0.00
4 4 6 2 0.00
4 4 6 3 0.00
4 4 6 4 0.00
4 4 6 5 0.00
4 4 6 6 0.00
4 5 0 0 0.00
4 5 0 1 105.30
4 5 0 2 66.18
4 5 0 3 90.91
4 5 0 4 60.90
4 5 0 5 63.08
4 5 0 6 63.26
4 5 1 0 98.25
4 5 1 1 0.00
4 5 1 2 110.07
4 5 1 3 60.89
4 5 1 4 52.61
4 5 1 5 63.51
4 5 1 6 41.54
4 5 2 0 94.28
4 5 2 1 33.20
4 5 2 2 0.00
4 5 2 3 46.51
4 5 2 4 51.69
4 5 2 5 104.26
4 5 2 6 85.59
4 5 3 0 72.59
4 5 3 1 139.92
4 5 3 2 87.30
4 5 3 3 0.00
4 5 3 4 69.06
4 5 3 5 32.36
4 5 3 6 142.10
4 5 4 0 73.59
4 5 4 1 82.26
4 5 4 2 161.68
4 5 4 3 29.39
4 5 4 4 0.00
4 5 4 5 144.00
4 5 4 6 58.57
4 5 5 0 108.04
4 5 5 1 54.45
4 5 5 2 65.15
4 5 5 3 129.90
4 5 5 4 50.89
4 5 5 5 0.00
4 5 5 6 127.05
4 5 6 0 104.96
4 5 6 1 87.27
4 5 6 2 114.23
4 5 6 3 74.18
4 5 6 4 121.28
4 5 6 5 66.28
4 5 6 6 0.00
4 6 0 0 0.00
4 6 0 1 115.43
4 6 0 2 87.50
4 6 0 3 60.86
4 6 0 4 71.19
4 6 0 5 49.56
4 6 0 6 79.13
4 6 1 0 113.09
4 6 1 1 0.00
4 6 1 2 56.17
4 6 1 3 47.65
4 6 1 4 43.70
4 6 1 5 46.76
4 6 1 6 55.68
4 6 2 0 64.20
4 6 2 1 41.77
4 6 2 2 0.00
4 6 2 3 29.03
4 6 2 4 70.89
4 6 2 5 71.95
4 6 2 6 79.61
4 6 3 0 64.13
4 6 3 1 61.98
4 6 3 2 79.58
4 6 3 3 0.00
4 6 3 4 25.69
4 6 3 5 31.73
4 6 3 6 80.14
4 6 4 0 47.73
4 6 4 1 79.60
4 6 4 2 112.28
4 6 4 3 36.17
4 6 4 4 0.00
4 6 4 5 64.21
4 6 4 6 81.00
4 6 5 0 92.12
4 6 5 1 57.68
4 6 5 2 42.55
4 6 5 3 121.63
4 6 5 4 88.58
4 6 5 5 0.00
4 6 5 6 117.20
4 6 6 0 74.75
4 6 6 1 47.78
4 6 6 2 50.36
4 6 6 3 92.29
4 6 6 4 87.43
4 6 6 5 74.85
4 6 6 6 0.00
5 0 0 0 0.00
5 0 0 1 150.29
5 0 0 2 57.98
5 0 0 3 69.47
5 0 0 4 94.62
5 0 0 5 66.41
5 0 0 6 99.41
5 0 1 0 127.24
5 0 1 1 0.00
5 0 1 2 98.63
5 0 1 3 83.27
5 0 1 4 61.02
5 0 1 5 89.20
5 0 1 6 88.51
5 0 2 0 66.45
5 0 2 1 39.02
5 0 2 2 0.00
5 0 2 3 62.28
5 0 2 4 94.99
5 0 2 5 128.65
5 0 2 6 135.09
5 0 3 0 95.88
5 0 3 1 125.61
5 0 3 2 63.52
5 0 3 3 0.00
5 0 3 4 56.84
5 0 3 5 64.15
5 0 3 6 88.81
5 0 4 0 76.69
5 0 4 1 162.92
5 0 4 2 185.99
5 0 4 3 28.65
5 0 4 4 0.00
5 0 4 5 138.86
5 0 4 6 113.98
5 0 5 0 196.00
5 0 5 1 94.57
5 0 5 2 90.07
5 0 5 3 127.14
5 0 5 4 81.44
5 0 5 5 0.00
5 0 5 6 134.17
5 0 6 0 117.94
5 0 6 1 69.20
5 0 6 2 72.52
5 0 6 3 100.99
5 0 6 4 127.27
5 0 6 5 60.94
5 0 6 6 0.00
5 1 0 0 0.00
5 1 0 1 90.62
5 1 0 2 61.70
5 1 0 3 80.08
5 1 0 4 35.65
5 1 0 5 40.36
5 1 0 6 39.54
5 1 1 0 72.09
5 1 1 1 0.00
5 1 1 2 44.46
5 1 1 3 48.97
5 1 1 4 60.25
5 1 1 5 30.02
5 1 1 6 54.77
5 1 2 0 61.17
5 1 2 1 34.34
5 1 2 2 0.00
5 1 2 3 37.69
5 1 2 4 70.13
5 1 2 5 67.41
5 1 2 6 67.57
5 1 3 0 45.61
5 1 3 1 91.89
5 1 3 2 63.91
5 1 3 3 0.00
5 1 3 4 42.02
5 1 3 5 21.70
5 1 3 6 62.72
5 1 4 0 54.28
5 1 4 1 48.06
5 1 4 2 116.48
5 1 4 3 34.51
5 1 4 4 0.00
5 1 4 5 58.16
5 1 4 6 58.15
5 1 5 0 65.51
5 1 5 1 64.00
5 1 5 2 43.12
5 1 5 3 109.89
5 1 5 4 76.51
5 1 5 5 0.00
5 1 5 6 60.02
5 1 6 0 44.37
5 1 6 1 51.17
5 1 6 2 72.16
5 1 6 3 44.20
5 1 6 4 68.50
5 1 6 5 57.87
5 1 6 6 0.00
5 2 0 0 0.00
5 2 0 1 54.56
5 2 0 2 37.55
5 2 0 3 80.60
5 2 0 4 68.34
5 2 0 5 52.10
5 2 0 6 73.86
5 2 1 0 91.47
5 2 1 1 0.00
5 2 1 2 69.41
5 2 1 3 88.03
5 2 1 4 46.27
5 2 1 5 48.86
5 2 1 6 27.64
5 2 2 0 43.15
5 2 2 1 47.55
5 2 2 2 0.00
5 2 2 3 52.72
5 2 2 4 52.75
5 2 2 5 79.43
5 2 2 6 56.20
5 2 3 0 39.51
5 2 3 1 58.13
5 2 3 2 66.65
5 2 3 3 0.00
5 2 3 4 37.07
5 2 3 5 26.68
5 2 3 6 91.49
5 2 4 0 54.42
5 2 4 1 62.96
5 2 4 2 56.85
5 2 4 3 41.01
5 2 4 4 0.00
5 2 4 5 73.13
5 2 4 6 71.54
5 2 5 0 72.12
5 2 5 1 62.76
5 2 5 2 81.00
5 2 5 3 76.36
5 2 5 4 75.48
5 2 5 5 0.00
5 2 5 6 115.20
5 2 6 0 59.98
5 2 6 1 48.98
5 2 6 2 65.26
5 2 6 3 60.00
5 2 6 4 104.56
5 2 6 5 37.87
5 2 6 6 0.00
5 3 0 0 0.00
5 3 0 1 170.48
5 3 0 2 81.63
5 3 0 3 174.44
5 3 0 4 82.70
5 3 0 5 57.24
5 3 0 6 134.13
5 3 1 0 150.67
5 3 1 1 0.00
5 3 1 2 87.11
5 3 1 3 97.83
5 3 1 4 88.04
5 3 1 5 44.05
5 3 1 6 67.16
5 3 2 0 109.22
5 3 2 1 80.09
5 3 2 2 0.00
5 3 2 3 56.51
5 3 2 4 104.58
5 3 2 5 134.49
5 3 2 6 123.85
5 3 3 0 114.52
5 3 3 1 178.62
5 3 3 2 63.06
5 3 3 3 0.00
5 3 3 4 85.80
5 3 3 5 71.22
5 3 3 6 171.53
5 3 4 0 51.75
5 3 4 1 175.49
5 3 4 2 103.37
5 3 4 3 44.01
5 3 4 4 0.00
5 3 4 5 113.44
5 3 4 6 117.02
5 3 5 0 122.21
5 3 5 1 65.88
5 3 5 2 98.70
5 3 5 3 225.00
5 3 5 4 89.50
5 3 5 5 0.00
5 3 5 6 151.85
5 3 6 0 56.70
5 3 6 1 100.96
5 3 6 2 138.02
5 3 6 3 174.28
5 3 6 4 208.07
5 3 6 5 120.74
5 3 6 6 0.00
5 4 0 0 0.00
5 4 0 1 113.85
5 4 0 2 93.99
5 4 0 3 66.56
5 4 0 4 50.35
5 4 0 5 53.28
5 4 0 6 95.75
5 4 1 0 77.96
5 4 1 1 0.00
5 4 1 2 72.74
5 4 1 3 50.72
5 4 1 4 37.23
5 4 1 5 33.75
5 4 1 6 67.55
5 4 2 0 47.16
5 4 2 1 59.05
5 4 2 2 0.00
5 4 2 3 29.46
5 4 2 4 61.56
5 4 2 5 64.86
5 4 2 6 70.16
5 4 3 0 72.08
5 4 3 1 57.72
5 4 3 2 56.65
5 4 3 3 0.00
5 4 3 4 40.52
5 4 3 5 23.40
5 4 3 6 139.20
5 4 4 0 71.87
5 4 4 1 89.94
5 4 4 2 73.80
5 4 4 3 35.39
5 4 4 4 0.00
5 4 4 5 110.63
5 4 4 6 66.65
5 4 5 0 136.35
5 4 5 1 42.25
5 4 5 2 43.42
5 4 5 3 134.06
5 4 5 4 100.00
5 4 5 5 0.00
5 4 5 6 107.07
5 4 6 0 73.66
5 4 6 1 39.62
5 4 6 2 107.62
5 4 6 3 128.67
5 4 6 4 144.15
5 4 6 5 37.40
5 4 6 6 0.00
5 5 0 0 0.00
5 5 0 1 0.00
5 5 0 2 0.00
5 5 0 3 0.00
5 5 0 4 0.00
5 5 0 5 0.00
5 5 0 6 0.00
5 5 1 0 0.00
5 5 1 1 0.00
5 5 1 2 0.00
5 5 1 3 0.00
5 5 1 4 0.00
5 5 1 5 0.00
5 5 1 6 0.00
5 5 2 0 0.00
5 5 2 1 0.00
5 5 2 2 0.00
5 5 2 3 0.00
5 5 2 4 0.00
5 5 2 5 0.00
5 5 2 6 0.00
5 5 3 0 0.00
5 5 3 1 0.00
5 5 3 2 0.00
5 5 3 3 0.00
5 5 3 4 0.00
5 5 3 5 0.00
5 5 3 6 0.00
5 5 4 0 0.00
5 5 4 1 0.00
5 5 4 2 0.00
5 5 4 3 0.00
5 5 4 4 0.00
5 5 4 5 0.00
5 5 4 6 0.00
5 5 5 0 0.00
5 5 5 1 0.00
5 5 5 2 0.00
5 5 5 3 0.00
5 5 5 4 0.00
5 5 5 5 0.00
5 5 5 6 0.00
5 5 6 0 0.00
5 5 6 1 0.00
5 5 6 2 0.00
5 5 6 3 0.00
5 5 6 4 0.00
5 5 6 5 0.00
5 5 6 6 0.00
5 6 0 0 0.00
5 6 0 1 81.97
5 6 0 2 135.22
5 6 0 3 92.28
5 6 0 4 115.15
5 6 0 5 72.88
5 6 0 6 120.64
5 6 1 0 162.66
5 6 1 1 0.00
5 6 1 2 113.37
5 6 1 3 92.72
5 6 1 4 75.47
5 6 1 5 46.45
5 6 1 6 93.91
5 6 2 0 50.10
5 6 2 1 73.05
5 6 2 2 0.00
5 6 2 3 71.14
5 6 2 4 89.33
5 6 2 5 79.67
5 6 2 6 88.31
5 6 3 0 98.37
5 6 3 1 119.75
5 6 3 2 50.95
5 6 3 3 0.00
5 6 3 4 60.30
5 6 3 5 61.56
5 6 3 6 115.03
5 6 4 0 55.11
5 6 4 1 149.22
5 6 4 2 205.97
5 6 4 3 59.13
5 6 4 4 0.00
5 6 4 5 93.14
5 6 4 6 95.21
5 6 5 0 103.90
5 6 5 1 103.34
5 6 5 2 59.49
5 6 5 3 179.61
5 6 5 4 107.86
5 6 5 5 0.00
5 6 5 6 196.00
5 6 6 0 96.70
5 6 6 1 106.10
5 6 6 2 141.49
5 6 6 3 93.80
5 6 6 4 108.14
5 6 6 5 88.93
5 6 6 6 0.00
6 0 0 0 0.00
6 0 0 1 81.99
6 0 0 2 85.73
6 0 0 3 61.63
6 0 0 4 86.97
6 0 0 5 29.90
6 0 0 6 76.17
6 0 1 0 64.51
6 0 1 1 0.00
6 0 1 2 51.90
6 0 1 3 77.88
6 0 1 4 32.92
6 0 1 5 26.59
6 0 1 6 41.57
6 0 2 0 58.78
6 0 2 1 46.72
6 0 2 2 0.00
6 0 2 3 41.97
6 0 2 4 66.61
6 0 2 5 57.89
6 0 2 6 66.45
6 0 3 0 67.29
6 0 3 1 94.93
6 0 3 2 66.72
6 0 3 3 0.00
6 0 3 4 40.48
6 0 3 5 27.86
6 0 3 6 122.28
6 0 4 0 54.59
6 0 4 1 52.18
6 0 4 2 76.37
6 0 4 3 27.28
6 0 4 4 0.00
6 0 4 5 91.13
6 0 4 6 35.52
6 0 5 0 121.59
6 0 5 1 40.71
6 0 5 2 48.25
6 0 5 3 114.11
6 0 5 4 64.28
6 0 5 5 0.00
6 0 5 6 68.56
6 0 6 0 81.00
6 0 6 1 50.55
6 0 6 2 99.90
6 0 6 3 85.91
6 0 6 4 133.27
6 0 6 5 63.24
6 0 6 6 0.00
6 1 0 0 0.00
6 1 0 1 68.00
6 1 0 2 61.54
6 1 0 3 83.55
6 1 0 4 59.27
6 1 0 5 45.84
6 1 0 6 50.41
6 1 1 0 71.34
6 1 1 1 0.00
6 1 1 2 38.38
6 1 1 3 51.08
6 1 1 4 41.99
6 1 1 5 31.28
6 1 1 6 49.69
6 1 2 0 45.39
6 1 2 1 30.75
6 1 2 2 0.00
6 1 2 3 23.18
6 1 2 4 66.34
6 1 2 5 90.39
6 1 2 6 36.16
6 1 3 0 30.25
6 1 3 1 63.93
6 1 3 2 67.65
6 1 3 3 0.00
6 1 3 4 35.33
6 1 3 5 20.10
6 1 3 6 49.91
6 1 4 0 46.81
6 1 4 1 53.94
6 1 4 2 100.83
6 1 4 3 22.15
6 1 4 4 0.00
6 1 4 5 82.39
6 1 4 6 49.41
6 1 5 0 91.53
6 1 5 1 52.22
6 1 5 2 56.55
6 1 5 3 88.55
6 1 5 4 54.63
6 1 5 5 0.00
6 1 5 6 63.32
6 1 6 0 63.41
6 1 6 1 64.00
6 1 6 2 86.27
6 1 6 3 86.27
6 1 6 4 106.56
6 1 6 5 65.43
6 1 6 6 0.00
6 2 0 0 0.00
6 2 0 1 134.46
6 2 0 2 65.53
6 2 0 3 101.63
6 2 0 4 59.36
6 2 0 5 68.71
6 2 0 6 95.73
6 2 1 0 83.73
6 2 1 1 0.00
6 2 1 2 59.46
6 2 1 3 107.95
6 2 1 4 40.06
6 2 1 5 45.39
6 2 1 6 77.64
6 2 2 0 54.38
6 2 2 1 45.67
6 2 2 2 0.00
6 2 2 3 33.77
6 2 2 4 57.36
6 2 2 5 133.73
6 2 2 6 71.85
6 2 3 0 77.31
6 2 3 1 80.41
6 2 3 2 90.23
6 2 3 3 0.00
6 2 3 4 49.05
6 2 3 5 38.73
6 2 3 6 107.49
6 2 4 0 79.17
6 2 4 1 131.22
6 2 4 2 125.79
6 2 4 3 36.60
6 2 4 4 0.00
6 2 4 5 130.39
6 2 4 6 60.79
6 2 5 0 108.49
6 2 5 1 92.72
6 2 5 2 59.47
6 2 5 3 145.98
6 2 5 4 92.54
6 2 5 5 0.00
6 2 5 6 122.34
6 2 6 0 99.99
6 2 6 1 49.80
6 2 6 2 144.00
6 2 6 3 92.62
6 2 6 4 105.85
6 2 6 5 82.25
6 2 6 6 0.00
6 3 0 0 0.00
6 3 0 1 74.45
6 3 0 2 79.74
6 3 0 3 139.42
6 3 0 4 110.56
6 3 0 5 49.76
6 3 0 6 60.01
6 3 1 0 122.84
6 3 1 1 0.00
6 3 1 2 86.46
6 3 1 3 80.98
6 3 1 4 63.21
6 3 1 5 38.27
6 3 1 6 58.25
6 3 2 0 75.46
6 3 2 1 56.43
6 3 2 2 0.00
6 3 2 3 72.20
6 3 2 4 64.85
6 3 2 5 66.53
6 3 2 6 78.69
6 3 3 0 41.74
6 3 3 1 88.62
6 3 3 2 66.20
6 3 3 3 0.00
6 3 3 4 88.90
6 3 3 5 60.83
6 3 3 6 82.66
6 3 4 0 88.90
6 3 4 1 80.55
6 3 4 2 151.25
6 3 4 3 50.87
6 3 4 4 0.00
6 3 4 5 84.78
6 3 4 6 93.56
6 3 5 0 175.21
6 3 5 1 97.62
6 3 5 2 47.40
6 3 5 3 187.78
6 3 5 4 80.33
6 3 5 5 0.00
6 3 5 6 144.42
6 3 6 0 84.79
6 3 6 1 94.98
6 3 6 2 103.90
6 3 6 3 169.00
6 3 6 4 86.92
6 3 6 5 79.75
6 3 6 6 0.00
6 4 0 0 0.00
6 4 0 1 93.29
6 4 0 2 100.97
6 4 0 3 116.16
6 4 0 4 141.50
6 4 0 5 39.02
6 4 0 6 147.09
6 4 1 0 131.99
6 4 1 1 0.00
6 4 1 2 123.40
6 4 1 3 114.22
6 4 1 4 102.49
6 4 1 5 95.14
6 4 1 6 55.19
6 4 2 0 117.98
6 4 2 1 48.63
6 4 2 2 0.00
6 4 2 3 75.03
6 4 2 4 91.04
6 4 2 5 86.21
6 4 2 6 66.07
6 4 3 0 66.50
6 4 3 1 134.24
6 4 3 2 124.29
6 4 3 3 0.00
6 4 3 4 52.57
6 4 3 5 69.67
6 4 3 6 131.36
6 4 4 0 116.13
6 4 4 1 166.04
6 4 4 2 144.53
6 4 4 3 65.27
6 4 4 4 0.00
6 4 4 5 161.46
6 4 4 6 116.43
6 4 5 0 180.68
6 4 5 1 100.76
6 4 5 2 56.73
6 4 5 3 134.62
6 4 5 4 144.08
6 4 5 5 0.00
6 4 5 6 186.39
6 4 6 0 116.58
6 4 6 1 60.04
6 4 6 2 137.02
6 4 6 3 158.94
6 4 6 4 225.00
6 4 6 5 58.92
6 4 6 6 0.00
6 5 0 0 0.00
6 5 0 1 120.79
6 5 0 2 78.95
6 5 0 3 57.03
6 5 0 4 44.10
6 5 0 5 42.36
6 5 0 6 44.41
6 5 1 0 99.39
6 5 1 1 0.00
6 5 1 2 50.05
6 5 1 3 56.79
6 5 1 4 38.16
6 5 1 5 40.64
6 5 1 6 62.15
6 5 2 0 62.92
6 5 2 1 22.77
6 5 2 2 0.00
6 5 2 3 37.35
6 5 2 4 62.31
6 5 2 5 61.24
6 5 2 6 70.40
6 5 3 0 50.81
6 5 3 1 69.87
6 5 3 2 36.66
6 5 3 3 0.00
6 5 3 4 27.56
6 5 3 5 36.43
6 5 3 6 129.79
6 5 4 0 44.73
6 5 4 1 94.35
6 5 4 2 78.43
6 5 4 3 22.70
6 5 4 4 0.00
6 5 4 5 88.26
6 5 4 6 77.02
6 5 5 0 90.66
6 5 5 1 61.49
6 5 5 2 62.52
6 5 5 3 101.94
6 5 5 4 83.05
6 5 5 5 0.00
6 5 5 6 90.39
6 5 6 0 38.21
6 5 6 1 51.54
6 5 6 2 52.73
6 5 6 3 98.57
6 5 6 4 91.98
6 5 6 5 81.00
6 5 6 6 0.00
6 6 0 0 0.00
6 6 0 1 0.00
6 6 0 2 0.00
6 6 0 3 0.00
6 6 0 4 0.00
6 6 0 5 0.00
6 6 0 6 0.00
6 6 1 0 0.00
6 6 1 1 0.00
6 6 1 2 0.00
6 6 1 3 0.00
6 6 1 4 0.00
6 6 1 5 0.00
6 6 1 6 0.00
6 6 2 0 0.00
6 6 2 1 0.00
6 6 2 2 0.00
6 6 2 3 0.00
6 6 2 4 0.00
6 6 2 5 0.00
6 6 2 6 0.00
6 6 3 0 0.00
6 6 3 1 0.00
6 6 3 2 0.00
6 6 3 3 0.00
6 6 3 4 0.00
6 6 3 5 0.00
6 6 3 6 0.00
6 6 4 0 0.00
6 6 4 1 0.00
6 6 4 2 0.00
6 6 4 3 0.00
6 6 4 4 0.00
6 6 4 5 0.00
6 6 4 6 0.00
6 6 5 0 0.00
6 6 5 1 0.00
6 6 5 2 0.00
6 6 5 3 0.00
6 6 5 4 0.00
6 6 5 5 0.00
6 6 5 6 0.00
6 6 6 0 0.00
6 6 6 1 0.00
6 6 6 2 0.00
6 6 6 3 0.00
6 6 6 4 0.00
6 6 6 5 0.00
6 6 6 6 0.00
