7

0 0 0.00
0 1 14.31
0 2 11.07
0 3 19.81
0 4 13.01
0 5 15.52
0 6 13.01
1 0 14.31
1 1 0.00
1 2 19.21
1 3 23.53
1 4 15.18
1 5 14.08
1 6 22.03
2 0 11.07
2 1 19.21
2 2 0.00
2 3 14.00
2 4 20.01
2 5 22.58
2 6 16.50
3 0 19.81
3 1 23.53
3 2 14.00
3 3 0.00
3 4 28.62
3 5 30.37
3 6 26.50
4 0 13.01
4 1 15.18
4 2 20.01
4 3 28.62
4 4 0.00
4 5 7.75
4 6 14.00
5 0 15.52
5 1 14.08
5 2 22.58
5 3 30.37
5 4 7.75
5 5 0.00
5 6 17.75
6 0 13.01
6 1 22.03
6 2 16.50
6 3 26.50
6 4 14.00
6 5 17.75
6 6 0.00

0 0 0.00
0 1 10.31
0 2 7.07
0 3 15.81
0 4 9.01
0 5 11.52
0 6 9.01
1 0 10.31
1 1 0.00
1 2 15.21
1 3 19.53
1 4 11.18
1 5 10.08
1 6 18.03
2 0 7.07
2 1 15.21
2 2 0.00
2 3 10.00
2 4 16.01
2 5 18.58
2 6 12.50
3 0 15.81
3 1 19.53
3 2 10.00
3 3 0.00
3 4 24.62
3 5 26.37
3 6 22.50
4 0 9.01
4 1 11.18
4 2 16.01
4 3 24.62
4 4 0.00
4 5 3.75
4 6 10.00
5 0 11.52
5 1 10.08
5 2 18.58
5 3 26.37
5 4 3.75
5 5 0.00
5 6 13.75
6 0 9.01
6 1 18.03
6 2 12.50
6 3 22.50
6 4 10.00
6 5 13.75
6 6 0.00

0 0 0.00
0 1 8.31
0 2 5.07
0 3 13.81
0 4 7.01
0 5 9.52
0 6 7.01
1 0 8.31
1 1 0.00
1 2 13.21
1 3 17.53
1 4 9.18
1 5 8.08
1 6 16.03
2 0 5.07
2 1 13.21
2 2 0.00
2 3 8.00
2 4 14.01
2 5 16.58
2 6 10.50
3 0 13.81
3 1 17.53
3 2 8.00
3 3 0.00
3 4 22.62
3 5 24.37
3 6 20.50
4 0 7.01
4 1 9.18
4 2 14.01
4 3 22.62
4 4 0.00
4 5 1.75
4 6 8.00
5 0 9.52
5 1 8.08
5 2 16.58
5 3 24.37
5 4 1.75
5 5 0.00
5 6 11.75
6 0 7.01
6 1 16.03
6 2 10.50
6 3 20.50
6 4 8.00
6 5 11.75
6 6 0.00
