7

0 0 0.00 0.00
0 1 24.80 20.78
0 2 15.60 6.12
0 3 17.35 13.46
0 4 16.45 6.38
0 5 16.66 1.27
0 6 18.66 9.24
1 0 11.78 21.80
1 1 0.00 0.00
1 2 45.68 11.64
1 3 12.23 41.64
1 4 1.77 12.44
1 5 22.23 32.19
1 6 22.86 1.86
2 0 3.24 24.39
2 1 7.11 1.19
2 2 0.00 0.00
2 3 36.55 13.82
2 4 10.82 5.96
2 5 16.24 5.78
2 6 12.35 2.31
3 0 10.31 16.72
3 1 39.07 14.25
3 2 12.56 10.52
3 3 0.00 0.00
3 4 38.09 31.58
3 5 23.54 2.95
3 6 17.08 6.38
4 0 5.25 4.04
4 1 25.38 6.69
4 2 12.68 2.27
4 3 5.65 10.41
4 4 0.00 0.00
4 5 10.32 10.95
4 6 6.78 9.47
5 0 27.37 29.17
5 1 15.90 2.14
5 2 31.67 10.83
5 3 10.73 11.15
5 4 18.36 6.79
5 5 0.00 0.00
5 6 23.54 1.28
6 0 6.81 6.67
6 1 25.86 25.51
6 2 11.24 17.69
6 3 39.53 0.83
6 4 9.28 14.26
6 5 13.87 0.90
6 6 0.00 0.00

0 0 0.00 0.00
0 1 0.36 2.71
0 2 2.55 10.12
0 3 15.12 31.77
0 4 9.36 12.10
0 5 21.51 16.90
0 6 11.71 17.92
1 0 23.80 14.09
1 1 0.00 0.00
1 2 16.41 17.13
1 3 30.76 2.47
1 4 13.53 5.78
1 5 4.27 8.97
1 6 6.81 17.68
2 0 0.03 19.95
2 1 19.29 12.79
2 2 0.00 0.00
2 3 5.19 28.84
2 4 15.26 21.38
2 5 8.03 8.06
2 6 20.15 0.31
3 0 15.02 56.25
3 1 20.56 12.28
3 2 3.07 15.73
3 3 0.00 0.00
3 4 20.91 19.06
3 5 33.30 8.96
3 6 20.20 10.66
4 0 10.33 29.81
4 1 1.76 10.89
4 2 14.89 9.28
4 3 3.09 16.49
4 4 0.00 0.00
4 5 8.22 27.40
4 6 2.90 7.51
5 0 18.92 3.22
5 1 14.48 22.22
5 2 15.92 8.32
5 3 24.53 21.30
5 4 8.71 16.31
5 5 0.00 0.00
5 6 10.56 6.93
6 0 25.77 16.93
6 1 5.57 7.15
6 2 0.73 33.40
6 3 26.41 16.95
6 4 2.30 14.38
6 5 6.92 5.55
6 6 0.00 0.00

0 0 0.00 0.00
0 1 4.94 27.51
0 2 16.30 4.12
0 3 21.63 23.88
0 4 10.61 9.70
0 5 8.57 1.12
0 6 19.27 17.20
1 0 18.12 30.35
1 1 0.00 0.00
1 2 22.07 21.90
1 3 13.54 15.72
1 4 21.89 0.28
1 5 19.69 9.62
1 6 1.65 32.97
2 0 17.86 12.05
2 1 17.11 20.99
2 2 0.00 0.00
2 3 12.58 3.17
2 4 31.96 9.14
2 5 9.59 33.02
2 6 0.72 16.90
3 0 4.92 35.17
3 1 12.10 7.17
3 2 15.37 7.94
3 3 0.00 0.00
3 4 23.51 36.88
3 5 35.89 11.01
3 6 6.23 17.47
4 0 18.39 7.89
4 1 18.52 10.05
4 2 6.68 9.14
4 3 20.22 7.56
4 4 0.00 0.00
4 5 7.14 10.79
4 6 9.61 0.63
5 0 36.67 4.53
5 1 7.11 7.17
5 2 34.62 13.26
5 3 24.21 15.48
5 4 0.10 1.54
5 5 0.00 0.00
5 6 12.20 12.98
6 0 5.55 27.62
6 1 16.29 2.51
6 2 13.16 6.03
6 3 13.81 5.50
6 4 0.36 12.63
6 5 7.22 4.45
6 6 0.00 0.00
